Height/arb.u.	Counts
0	0
0.01	0
0.02	0
0.03	0
0.04	0
0.05	0
0.06	0
0.07	0
0.08	0
0.09	0
0.1	0
0.11	0
0.12	0
0.13	0
0.14	0
0.15	0
0.16	0
0.17	0
0.18	0
0.19	0
0.2	0
0.21	0
0.22	0
0.23	0
0.24	0
0.25	0
0.26	0
0.27	0
0.28	0
0.29	0
0.3	0
0.31	0
0.32	0
0.33	0
0.34	0
0.35	0
0.36	0
0.37	0
0.38	0
0.39	0
0.4	0
0.41	0
0.42	0
0.43	0
0.44	0
0.45	0
0.46	0
0.47	0
0.48	0
0.49	0
0.5	0
0.51	0
0.52	0
0.53	0
0.54	0
0.55	0
0.56	0
0.57	0
0.58	0
0.59	0
0.6	0
0.61	0
0.62	0
0.63	0
0.64	0
0.65	0
0.66	0
0.67	0
0.68	0
0.69	0
0.7	0
0.71	0
0.72	0
0.73	0
0.74	0
0.75	0
0.76	0
0.77	0
0.78	0
0.79	0
0.8	0
0.81	0
0.82	0
0.83	0
0.84	0
0.85	0
0.86	0
0.87	0
0.88	0
0.89	0
0.9	0
0.91	0
0.92	0
0.93	0
0.94	0
0.95	0
0.96	0
0.97	0
0.98	0
0.99	0
1	643
1.01	663
1.02	619
1.03	627
1.04	605
1.05	603
1.06	701
1.07	638
1.08	633
1.09	620
1.1	590
1.11	655
1.12	606
1.13	696
1.14	654
1.15	646
1.16	662
1.17	644
1.18	630
1.19	623
1.2	644
1.21	681
1.22	690
1.23	688
1.24	736
1.25	647
1.26	676
1.27	713
1.28	735
1.29	757
1.3	799
1.31	768
1.32	781
1.33	787
1.34	780
1.35	772
1.36	785
1.37	811
1.38	859
1.39	887
1.4	876
1.41	897
1.42	907
1.43	938
1.44	975
1.45	929
1.46	943
1.47	982
1.48	1008
1.49	1000
1.5	931
1.51	1067
1.52	1053
1.53	1068
1.54	1130
1.55	1089
1.56	1143
1.57	1076
1.58	1201
1.59	1192
1.6	1220
1.61	1226
1.62	1240
1.63	1165
1.64	1301
1.65	1228
1.66	1339
1.67	1289
1.68	1367
1.69	1341
1.7	1339
1.71	1383
1.72	1423
1.73	1381
1.74	1447
1.75	1506
1.76	1518
1.77	1509
1.78	1502
1.79	1632
1.8	1525
1.81	1554
1.82	1659
1.83	1685
1.84	1715
1.85	1632
1.86	1693
1.87	1696
1.88	1642
1.89	1674
1.9	1756
1.91	1780
1.92	1750
1.93	1780
1.94	1913
1.95	1869
1.96	1842
1.97	1873
1.98	1905
1.99	1869
2	1945
2.01	1961
2.02	1895
2.03	1966
2.04	2027
2.05	1897
2.06	2017
2.07	1967
2.08	2014
2.09	2040
2.1	2062
2.11	2109
2.12	2060
2.13	2102
2.14	2179
2.15	2089
2.16	2107
2.17	2104
2.18	2044
2.19	2107
2.2	2155
2.21	2204
2.22	2149
2.23	2188
2.24	2167
2.25	2221
2.26	2182
2.27	2117
2.28	2293
2.29	2309
2.3	2279
2.31	2245
2.32	2188
2.33	2256
2.34	2239
2.35	2240
2.36	2261
2.37	2292
2.38	2306
2.39	2257
2.4	2315
2.41	2252
2.42	2228
2.43	2241
2.44	2238
2.45	2228
2.46	2284
2.47	2244
2.48	2215
2.49	2281
2.5	2249
2.51	2331
2.52	2265
2.53	2235
2.54	2284
2.55	2303
2.56	2270
2.57	2337
2.58	2259
2.59	2186
2.6	2237
2.61	2234
2.62	2215
2.63	2303
2.64	2223
2.65	2289
2.66	2241
2.67	2267
2.68	2291
2.69	2180
2.7	2199
2.71	2251
2.72	2185
2.73	2297
2.74	2230
2.75	2326
2.76	2220
2.77	2216
2.78	2183
2.79	2303
2.8	2299
2.81	2300
2.82	2242
2.83	2129
2.84	2217
2.85	2229
2.86	2145
2.87	2280
2.88	2251
2.89	2229
2.9	2192
2.91	2215
2.92	2115
2.93	2210
2.94	2162
2.95	2144
2.96	2154
2.97	2191
2.98	2193
2.99	2178
3	2213
3.01	2127
3.02	2053
3.03	2213
3.04	2125
3.05	2171
3.06	2154
3.07	2182
3.08	2155
3.09	2015
3.1	2057
3.11	2128
3.12	2076
3.13	2109
3.14	2119
3.15	2123
3.16	1988
3.17	2067
3.18	2160
3.19	2090
3.2	2055
3.21	2077
3.22	2050
3.23	2036
3.24	2009
3.25	2151
3.26	2053
3.27	1971
3.28	2147
3.29	2036
3.3	2061
3.31	1945
3.32	1889
3.33	1963
3.34	2039
3.35	1980
3.36	1979
3.37	2003
3.38	1959
3.39	1978
3.4	1945
3.41	2023
3.42	2013
3.43	1940
3.44	1933
3.45	1998
3.46	1873
3.47	1925
3.48	1860
3.49	1913
3.5	1862
3.51	1926
3.52	1875
3.53	1830
3.54	1781
3.55	1893
3.56	1842
3.57	1769
3.58	1776
3.59	1849
3.6	1844
3.61	1775
3.62	1896
3.63	1737
3.64	1817
3.65	1784
3.66	1660
3.67	1787
3.68	1709
3.69	1742
3.7	1749
3.71	1739
3.72	1734
3.73	1709
3.74	1767
3.75	1645
3.76	1731
3.77	1752
3.78	1756
3.79	1644
3.8	1784
3.81	1640
3.82	1675
3.83	1741
3.84	1672
3.85	1602
3.86	1711
3.87	1627
3.88	1681
3.89	1593
3.9	1609
3.91	1601
3.92	1698
3.93	1632
3.94	1559
3.95	1635
3.96	1603
3.97	1593
3.98	1567
3.99	1517
4	1549
4.01	1562
4.02	1558
4.03	1575
4.04	1534
4.05	1514
4.06	1526
4.07	1625
4.08	1487
4.09	1536
4.1	1458
4.11	1506
4.12	1511
4.13	1447
4.14	1482
4.15	1469
4.16	1411
4.17	1509
4.18	1484
4.19	1486
4.2	1439
4.21	1461
4.22	1416
4.23	1413
4.24	1413
4.25	1460
4.26	1405
4.27	1400
4.28	1402
4.29	1391
4.3	1397
4.31	1342
4.32	1387
4.33	1303
4.34	1326
4.35	1355
4.36	1368
4.37	1396
4.38	1373
4.39	1318
4.4	1332
4.41	1299
4.42	1302
4.43	1255
4.44	1272
4.45	1290
4.46	1295
4.47	1253
4.48	1259
4.49	1258
4.5	1232
4.51	1210
4.52	1283
4.53	1295
4.54	1302
4.55	1222
4.56	1285
4.57	1214
4.58	1185
4.59	1192
4.6	1209
4.61	1292
4.62	1208
4.63	1226
4.64	1181
4.65	1205
4.66	1159
4.67	1212
4.68	1194
4.69	1131
4.7	1184
4.71	1081
4.72	1188
4.73	1153
4.74	1133
4.75	1199
4.76	1120
4.77	1105
4.78	1105
4.79	1096
4.8	1113
4.81	1090
4.82	1092
4.83	1090
4.84	1064
4.85	1062
4.86	1083
4.87	1148
4.88	1052
4.89	1096
4.9	1035
4.91	1069
4.92	1058
4.93	1060
4.94	1024
4.95	1040
4.96	987
4.97	1021
4.98	1040
4.99	1045
5	1023
5.01	1053
5.02	1051
5.03	991
5.04	1063
5.05	964
5.06	972
5.07	988
5.08	1007
5.09	1017
5.1	966
5.11	962
5.12	966
5.13	988
5.14	984
5.15	940
5.16	1023
5.17	944
5.18	935
5.19	917
5.2	920
5.21	920
5.22	963
5.23	897
5.24	972
5.25	909
5.26	906
5.27	865
5.28	977
5.29	923
5.3	871
5.31	898
5.32	918
5.33	890
5.34	917
5.35	900
5.36	932
5.37	840
5.38	864
5.39	907
5.4	913
5.41	896
5.42	871
5.43	902
5.44	844
5.45	838
5.46	881
5.47	867
5.48	902
5.49	900
5.5	842
5.51	791
5.52	790
5.53	796
5.54	872
5.55	767
5.56	847
5.57	820
5.58	793
5.59	771
5.6	814
5.61	829
5.62	848
5.63	819
5.64	859
5.65	753
5.66	756
5.67	823
5.68	744
5.69	811
5.7	766
5.71	773
5.72	798
5.73	803
5.74	754
5.75	753
5.76	759
5.77	757
5.78	766
5.79	799
5.8	760
5.81	776
5.82	740
5.83	792
5.84	765
5.85	768
5.86	740
5.87	724
5.88	680
5.89	725
5.9	742
5.91	742
5.92	731
5.93	726
5.94	709
5.95	699
5.96	681
5.97	711
5.98	705
5.99	692
6	723
6.01	717
6.02	680
6.03	678
6.04	698
6.05	690
6.06	682
6.07	714
6.08	652
6.09	689
6.1	680
6.11	660
6.12	618
6.13	710
6.14	629
6.15	645
6.16	659
6.17	689
6.18	628
6.19	644
6.2	635
6.21	631
6.22	649
6.23	596
6.24	660
6.25	691
6.26	634
6.27	630
6.28	654
6.29	638
6.3	638
6.31	658
6.32	623
6.33	588
6.34	580
6.35	588
6.36	621
6.37	576
6.38	602
6.39	571
6.4	544
6.41	561
6.42	540
6.43	578
6.44	585
6.45	551
6.46	578
6.47	611
6.48	545
6.49	517
6.5	525
6.51	543
6.52	535
6.53	540
6.54	542
6.55	545
6.56	561
6.57	559
6.58	544
6.59	535
6.6	487
6.61	515
6.62	533
6.63	490
6.64	541
6.65	497
6.66	482
6.67	475
6.68	505
6.69	529
6.7	486
6.71	461
6.72	503
6.73	507
6.74	480
6.75	491
6.76	507
6.77	522
6.78	473
6.79	468
6.8	462
6.81	424
6.82	498
6.83	437
6.84	457
6.85	451
6.86	454
6.87	442
6.88	468
6.89	438
6.9	483
6.91	471
6.92	442
6.93	427
6.94	412
6.95	455
6.96	443
6.97	426
6.98	442
6.99	451
7	425
7.01	459
7.02	423
7.03	426
7.04	450
7.05	446
7.06	431
7.07	442
7.08	409
7.09	404
7.1	388
7.11	434
7.12	410
7.13	410
7.14	428
7.15	422
7.16	420
7.17	357
7.18	396
7.19	394
7.2	396
7.21	400
7.22	417
7.23	403
7.24	414
7.25	403
7.26	394
7.27	388
7.28	381
7.29	367
7.3	406
7.31	374
7.32	398
7.33	396
7.34	408
7.35	372
7.36	339
7.37	391
7.38	389
7.39	349
7.4	387
7.41	393
7.42	335
7.43	378
7.44	371
7.45	367
7.46	342
7.47	356
7.48	382
7.49	395
7.5	358
7.51	349
7.52	352
7.53	359
7.54	369
7.55	352
7.56	327
7.57	345
7.58	369
7.59	368
7.6	382
7.61	365
7.62	332
7.63	350
7.64	356
7.65	347
7.66	329
7.67	349
7.68	332
7.69	317
7.7	334
7.71	317
7.72	342
7.73	358
7.74	329
7.75	353
7.76	286
7.77	323
7.78	299
7.79	306
7.8	312
7.81	318
7.82	346
7.83	360
7.84	354
7.85	320
7.86	295
7.87	291
7.88	298
7.89	314
7.9	318
7.91	323
7.92	338
7.93	300
7.94	285
7.95	311
7.96	287
7.97	293
7.98	284
7.99	278
8	305
8.01	344
8.02	293
8.03	294
8.04	287
8.05	272
8.06	292
8.07	305
8.08	273
8.09	274
8.1	292
8.11	283
8.12	284
8.13	286
8.14	267
8.15	272
8.16	295
8.17	293
8.18	289
8.19	316
8.2	285
8.21	274
8.22	273
8.23	253
8.24	302
8.25	255
8.26	278
8.27	260
8.28	286
8.29	264
8.3	284
8.31	268
8.32	270
8.33	249
8.34	274
8.35	231
8.36	263
8.37	285
8.38	274
8.39	272
8.4	286
8.41	266
8.42	258
8.43	270
8.44	289
8.45	274
8.46	290
8.47	245
8.48	255
8.49	252
8.5	251
8.51	256
8.52	268
8.53	239
8.54	227
8.55	255
8.56	248
8.57	236
8.58	256
8.59	276
8.6	257
8.61	237
8.62	276
8.63	262
8.64	254
8.65	245
8.66	246
8.67	260
8.68	243
8.69	243
8.7	238
8.71	243
8.72	238
8.73	220
8.74	254
8.75	229
8.76	242
8.77	231
8.78	237
8.79	223
8.8	228
8.81	252
8.82	243
8.83	258
8.84	214
8.85	231
8.86	231
8.87	253
8.88	247
8.89	218
8.9	213
8.91	215
8.92	240
8.93	230
8.94	250
8.95	231
8.96	212
8.97	234
8.98	209
8.99	201
9	199
9.01	208
9.02	223
9.03	219
9.04	220
9.05	210
9.06	192
9.07	260
9.08	205
9.09	205
9.1	200
9.11	210
9.12	204
9.13	219
9.14	215
9.15	214
9.16	175
9.17	190
9.18	201
9.19	192
9.2	185
9.21	188
9.22	194
9.23	174
9.24	172
9.25	174
9.26	163
9.27	224
9.28	186
9.29	192
9.3	200
9.31	172
9.32	192
9.33	188
9.34	201
9.35	215
9.36	163
9.37	171
9.38	189
9.39	188
9.4	193
9.41	189
9.42	179
9.43	178
9.44	174
9.45	163
9.46	161
9.47	199
9.48	152
9.49	170
9.5	180
9.51	163
9.52	147
9.53	154
9.54	152
9.55	155
9.56	181
9.57	172
9.58	172
9.59	162
9.6	182
9.61	171
9.62	144
9.63	171
9.64	175
9.65	169
9.66	153
9.67	191
9.68	175
9.69	170
9.7	166
9.71	155
9.72	163
9.73	145
9.74	139
9.75	184
9.76	153
9.77	144
9.78	155
9.79	156
9.8	175
9.81	148
9.82	162
9.83	153
9.84	140
9.85	161
9.86	139
9.87	119
9.88	157
9.89	153
9.9	156
9.91	150
9.92	142
9.93	143
9.94	148
9.95	146
9.96	133
9.97	144
9.98	156
9.99	154
10	141
10.01	154
10.02	158
10.03	133
10.04	147
10.05	153
10.06	141
10.07	154
10.08	138
10.09	131
10.1	150
10.11	122
10.12	132
10.13	122
10.14	151
10.15	141
10.16	134
10.17	151
10.18	148
10.19	142
10.2	117
10.21	134
10.22	143
10.23	123
10.24	139
10.25	117
10.26	141
10.27	111
10.28	146
10.29	155
10.3	143
10.31	123
10.32	117
10.33	128
10.34	145
10.35	131
10.36	111
10.37	126
10.38	144
10.39	141
10.4	127
10.41	128
10.42	145
10.43	114
10.44	125
10.45	129
10.46	124
10.47	136
10.48	117
10.49	119
10.5	128
10.51	143
10.52	137
10.53	125
10.54	132
10.55	132
10.56	116
10.57	132
10.58	123
10.59	127
10.6	123
10.61	98
10.62	128
10.63	137
10.64	128
10.65	87
10.66	121
10.67	104
10.68	113
10.69	134
10.7	119
10.71	121
10.72	109
10.73	112
10.74	136
10.75	111
10.76	95
10.77	101
10.78	103
10.79	142
10.8	109
10.81	130
10.82	114
10.83	115
10.84	125
10.85	106
10.86	133
10.87	138
10.88	112
10.89	117
10.9	110
10.91	130
10.92	120
10.93	103
10.94	119
10.95	122
10.96	106
10.97	90
10.98	118
10.99	105
11	97
11.01	131
11.02	121
11.03	104
11.04	119
11.05	119
11.06	104
11.07	137
11.08	118
11.09	98
11.1	110
11.11	118
11.12	109
11.13	126
11.14	123
11.15	112
11.16	112
11.17	113
11.18	118
11.19	97
11.2	90
11.21	111
11.22	105
11.23	119
11.24	93
11.25	116
11.26	102
11.27	112
11.28	118
11.29	122
11.3	97
11.31	109
11.32	119
11.33	120
11.34	104
11.35	115
11.36	113
11.37	104
11.38	123
11.39	112
11.4	101
11.41	93
11.42	89
11.43	111
11.44	102
11.45	119
11.46	85
11.47	94
11.48	94
11.49	108
11.5	98
11.51	94
11.52	104
11.53	91
11.54	92
11.55	105
11.56	102
11.57	89
11.58	105
11.59	105
11.6	109
11.61	115
11.62	117
11.63	99
11.64	109
11.65	113
11.66	97
11.67	96
11.68	107
11.69	85
11.7	104
11.71	104
11.72	95
11.73	110
11.74	95
11.75	94
11.76	101
11.77	97
11.78	92
11.79	104
11.8	126
11.81	73
11.82	86
11.83	110
11.84	92
11.85	103
11.86	99
11.87	96
11.88	121
11.89	101
11.9	105
11.91	86
11.92	97
11.93	101
11.94	96
11.95	99
11.96	107
11.97	95
11.98	88
11.99	121
12	104
12.01	88
12.02	107
12.03	106
12.04	90
12.05	103
12.06	101
12.07	95
12.08	97
12.09	95
12.1	86
12.11	105
12.12	93
12.13	94
12.14	72
12.15	97
12.16	96
12.17	107
12.18	105
12.19	104
12.2	99
12.21	75
12.22	84
12.23	94
12.24	74
12.25	94
12.26	86
12.27	81
12.28	81
12.29	83
12.3	83
12.31	113
12.32	88
12.33	101
12.34	90
12.35	89
12.36	81
12.37	103
12.38	82
12.39	104
12.4	106
12.41	86
12.42	84
12.43	108
12.44	68
12.45	102
12.46	83
12.47	93
12.48	88
12.49	109
12.5	75
12.51	101
12.52	95
12.53	80
12.54	90
12.55	87
12.56	96
12.57	87
12.58	95
12.59	98
12.6	90
12.61	78
12.62	89
12.63	100
12.64	98
12.65	103
12.66	88
12.67	100
12.68	97
12.69	99
12.7	73
12.71	89
12.72	85
12.73	113
12.74	106
12.75	83
12.76	67
12.77	84
12.78	87
12.79	90
12.8	80
12.81	102
12.82	88
12.83	89
12.84	99
12.85	77
12.86	91
12.87	79
12.88	90
12.89	86
12.9	93
12.91	78
12.92	97
12.93	94
12.94	69
12.95	77
12.96	95
12.97	110
12.98	81
12.99	90
13	105
13.01	86
13.02	93
13.03	73
13.04	105
13.05	94
13.06	99
13.07	101
13.08	97
13.09	77
13.1	85
13.11	95
13.12	84
13.13	104
13.14	81
13.15	88
13.16	106
13.17	92
13.18	109
13.19	87
13.2	100
13.21	95
13.22	91
13.23	88
13.24	87
13.25	93
13.26	100
13.27	86
13.28	86
13.29	90
13.3	87
13.31	74
13.32	92
13.33	93
13.34	80
13.35	95
13.36	88
13.37	84
13.38	81
13.39	63
13.4	89
13.41	87
13.42	90
13.43	78
13.44	88
13.45	77
13.46	104
13.47	89
13.48	90
13.49	97
13.5	85
13.51	110
13.52	95
13.53	89
13.54	87
13.55	94
13.56	110
13.57	86
13.58	83
13.59	98
13.6	81
13.61	86
13.62	78
13.63	99
13.64	95
13.65	90
13.66	84
13.67	95
13.68	87
13.69	84
13.7	93
13.71	77
13.72	97
13.73	82
13.74	101
13.75	96
13.76	88
13.77	76
13.78	96
13.79	86
13.8	102
13.81	103
13.82	88
13.83	84
13.84	87
13.85	82
13.86	84
13.87	99
13.88	86
13.89	77
13.9	73
13.91	81
13.92	87
13.93	86
13.94	85
13.95	94
13.96	68
13.97	71
13.98	84
13.99	75
14	85
14.01	67
14.02	74
14.03	78
14.04	78
14.05	109
14.06	81
14.07	81
14.08	93
14.09	79
14.1	82
14.11	78
14.12	75
14.13	76
14.14	97
14.15	71
14.16	73
14.17	87
14.18	91
14.19	81
14.2	101
14.21	86
14.22	87
14.23	84
14.24	78
14.25	84
14.26	81
14.27	87
14.28	76
14.29	85
14.3	82
14.31	75
14.32	62
14.33	76
14.34	77
14.35	66
14.36	77
14.37	73
14.38	63
14.39	80
14.4	70
14.41	72
14.42	76
14.43	79
14.44	60
14.45	85
14.46	60
14.47	78
14.48	68
14.49	74
14.5	77
14.51	77
14.52	66
14.53	64
14.54	68
14.55	67
14.56	71
14.57	71
14.58	83
14.59	62
14.6	57
14.61	63
14.62	68
14.63	68
14.64	73
14.65	61
14.66	68
14.67	72
14.68	60
14.69	51
14.7	74
14.71	67
14.72	68
14.73	65
14.74	65
14.75	70
14.76	74
14.77	67
14.78	60
14.79	70
14.8	43
14.81	68
14.82	57
14.83	73
14.84	53
14.85	58
14.86	65
14.87	55
14.88	61
14.89	56
14.9	67
14.91	62
14.92	60
14.93	44
14.94	68
14.95	56
14.96	65
14.97	57
14.98	72
14.99	67
15	54
15.01	62
15.02	64
15.03	60
15.04	51
15.05	52
15.06	61
15.07	57
15.08	71
15.09	56
15.1	49
15.11	58
15.12	65
15.13	54
15.14	60
15.15	57
15.16	64
15.17	69
15.18	56
15.19	56
15.2	55
15.21	54
15.22	63
15.23	46
15.24	67
15.25	59
15.26	55
15.27	59
15.28	48
15.29	39
15.3	45
15.31	56
15.32	64
15.33	59
15.34	47
15.35	50
15.36	55
15.37	53
15.38	46
15.39	54
15.4	53
15.41	50
15.42	61
15.43	55
15.44	38
15.45	54
15.46	56
15.47	78
15.48	52
15.49	51
15.5	70
15.51	48
15.52	49
15.53	44
15.54	63
15.55	49
15.56	44
15.57	68
15.58	55
15.59	46
15.6	52
15.61	56
15.62	59
15.63	51
15.64	45
15.65	48
15.66	48
15.67	65
15.68	42
15.69	67
15.7	51
15.71	49
15.72	46
15.73	60
15.74	54
15.75	43
15.76	51
15.77	52
15.78	55
15.79	66
15.8	41
15.81	55
15.82	53
15.83	46
15.84	44
15.85	53
15.86	55
15.87	56
15.88	63
15.89	51
15.9	42
15.91	51
15.92	52
15.93	51
15.94	55
15.95	60
15.96	45
15.97	48
15.98	46
15.99	54
16	63
16.01	49
16.02	48
16.03	51
16.04	60
16.05	48
16.06	38
16.07	48
16.08	54
16.09	49
16.1	52
16.11	51
16.12	45
16.13	48
16.14	52
16.15	48
16.16	66
16.17	55
16.18	61
16.19	56
16.2	46
16.21	54
16.22	42
16.23	45
16.24	45
16.25	53
16.26	33
16.27	42
16.28	44
16.29	43
16.3	47
16.31	43
16.32	46
16.33	48
16.34	43
16.35	54
16.36	58
16.37	42
16.38	47
16.39	39
16.4	54
16.41	53
16.42	55
16.43	37
16.44	62
16.45	35
16.46	45
16.47	39
16.48	44
16.49	41
16.5	59
16.51	46
16.52	57
16.53	50
16.54	51
16.55	46
16.56	52
16.57	50
16.58	45
16.59	34
16.6	42
16.61	40
16.62	48
16.63	64
16.64	40
16.65	49
16.66	48
16.67	42
16.68	52
16.69	49
16.7	54
16.71	46
16.72	52
16.73	50
16.74	45
16.75	48
16.76	49
16.77	43
16.78	60
16.79	51
16.8	46
16.81	42
16.82	41
16.83	46
16.84	49
16.85	66
16.86	49
16.87	49
16.88	45
16.89	36
16.9	49
16.91	49
16.92	60
16.93	53
16.94	57
16.95	48
16.96	47
16.97	45
16.98	32
16.99	42
17	60
17.01	47
17.02	43
17.03	32
17.04	43
17.05	46
17.06	41
17.07	51
17.08	37
17.09	34
17.1	44
17.11	44
17.12	40
17.13	48
17.14	40
17.15	45
17.16	55
17.17	49
17.18	43
17.19	34
17.2	50
17.21	49
17.22	51
17.23	44
17.24	40
17.25	49
17.26	53
17.27	42
17.28	44
17.29	44
17.3	55
17.31	41
17.32	37
17.33	43
17.34	44
17.35	58
17.36	35
17.37	61
17.38	38
17.39	44
17.4	50
17.41	49
17.42	52
17.43	41
17.44	45
17.45	36
17.46	42
17.47	37
17.48	38
17.49	46
17.5	32
17.51	45
17.52	34
17.53	43
17.54	35
17.55	42
17.56	54
17.57	48
17.58	34
17.59	40
17.6	38
17.61	47
17.62	45
17.63	49
17.64	50
17.65	42
17.66	52
17.67	46
17.68	41
17.69	62
17.7	46
17.71	52
17.72	47
17.73	50
17.74	43
17.75	37
17.76	45
17.77	46
17.78	42
17.79	53
17.8	36
17.81	46
17.82	42
17.83	50
17.84	37
17.85	41
17.86	33
17.87	54
17.88	36
17.89	47
17.9	38
17.91	42
17.92	44
17.93	50
17.94	47
17.95	52
17.96	41
17.97	43
17.98	37
17.99	48
18	53
18.01	47
18.02	49
18.03	42
18.04	40
18.05	33
18.06	54
18.07	44
18.08	42
18.09	48
18.1	38
18.11	38
18.12	36
18.13	45
18.14	36
18.15	30
18.16	53
18.17	43
18.18	50
18.19	39
18.2	46
18.21	52
18.22	48
18.23	36
18.24	48
18.25	33
18.26	37
18.27	37
18.28	41
18.29	35
18.3	43
18.31	41
18.32	35
18.33	40
18.34	52
18.35	44
18.36	57
18.37	58
18.38	45
18.39	57
18.4	42
18.41	47
18.42	36
18.43	42
18.44	48
18.45	42
18.46	61
18.47	38
18.48	39
18.49	46
18.5	31
18.51	50
18.52	44
18.53	34
18.54	44
18.55	39
18.56	33
18.57	60
18.58	39
18.59	44
18.6	40
18.61	37
18.62	39
18.63	32
18.64	39
18.65	46
18.66	49
18.67	45
18.68	39
18.69	37
18.7	38
18.71	39
18.72	32
18.73	33
18.74	43
18.75	41
18.76	46
18.77	54
18.78	51
18.79	40
18.8	41
18.81	39
18.82	40
18.83	29
18.84	29
18.85	42
18.86	49
18.87	42
18.88	43
18.89	48
18.9	34
18.91	39
18.92	35
18.93	50
18.94	34
18.95	32
18.96	44
18.97	36
18.98	34
18.99	44
19	40
19.01	39
19.02	38
19.03	45
19.04	33
19.05	52
19.06	40
19.07	31
19.08	38
19.09	39
19.1	37
19.11	43
19.12	42
19.13	41
19.14	39
19.15	36
19.16	37
19.17	48
19.18	43
19.19	39
19.2	33
19.21	42
19.22	46
19.23	39
19.24	32
19.25	39
19.26	41
19.27	41
19.28	51
19.29	37
19.3	43
19.31	44
19.32	41
19.33	41
19.34	38
19.35	48
19.36	52
19.37	41
19.38	48
19.39	53
19.4	33
19.41	44
19.42	37
19.43	37
19.44	43
19.45	26
19.46	39
19.47	32
19.48	51
19.49	32
19.5	30
19.51	37
19.52	48
19.53	43
19.54	33
19.55	32
19.56	40
19.57	42
19.58	37
19.59	40
19.6	39
19.61	32
19.62	47
19.63	32
19.64	39
19.65	36
19.66	54
19.67	33
19.68	35
19.69	33
19.7	43
19.71	36
19.72	37
19.73	30
19.74	45
19.75	35
19.76	40
19.77	29
19.78	45
19.79	36
19.8	40
19.81	39
19.82	50
19.83	40
19.84	41
19.85	36
19.86	43
19.87	38
19.88	29
19.89	46
19.9	48
19.91	38
19.92	33
19.93	36
19.94	33
19.95	43
19.96	40
19.97	32
19.98	27
19.99	40
20	38
20.01	46
20.02	43
20.03	44
20.04	34
20.05	45
20.06	47
20.07	33
20.08	38
20.09	36
20.1	35
20.11	63
20.12	33
20.13	47
20.14	44
20.15	36
20.16	32
20.17	33
20.18	28
20.19	29
20.2	33
20.21	44
20.22	33
20.23	49
20.24	33
20.25	27
20.26	37
20.27	24
20.28	33
20.29	41
20.3	30
20.31	37
20.32	48
20.33	40
20.34	36
20.35	48
20.36	42
20.37	32
20.38	38
20.39	43
20.4	43
20.41	51
20.42	34
20.43	38
20.44	49
20.45	30
20.46	36
20.47	31
20.48	34
20.49	47
20.5	32
20.51	39
20.52	30
20.53	29
20.54	35
20.55	34
20.56	37
20.57	33
20.58	37
20.59	32
20.6	40
20.61	33
20.62	42
20.63	43
20.64	31
20.65	42
20.66	39
20.67	35
20.68	42
20.69	37
20.7	52
20.71	31
20.72	33
20.73	37
20.74	31
20.75	44
20.76	36
20.77	34
20.78	30
20.79	35
20.8	43
20.81	38
20.82	41
20.83	35
20.84	48
20.85	34
20.86	46
20.87	31
20.88	28
20.89	45
20.9	28
20.91	35
20.92	34
20.93	38
20.94	42
20.95	28
20.96	41
20.97	35
20.98	42
20.99	39
21	41
21.01	42
21.02	35
21.03	37
21.04	47
21.05	33
21.06	34
21.07	34
21.08	34
21.09	40
21.1	35
21.11	46
21.12	40
21.13	33
21.14	28
21.15	37
21.16	24
21.17	31
21.18	36
21.19	39
21.2	37
21.21	35
21.22	36
21.23	41
21.24	40
21.25	28
21.26	30
21.27	35
21.28	33
21.29	42
21.3	38
21.31	28
21.32	39
21.33	30
21.34	41
21.35	43
21.36	33
21.37	37
21.38	33
21.39	33
21.4	33
21.41	31
21.42	41
21.43	37
21.44	40
21.45	28
21.46	40
21.47	35
21.48	34
21.49	44
21.5	33
21.51	30
21.52	49
21.53	28
21.54	36
21.55	37
21.56	32
21.57	45
21.58	38
21.59	43
21.6	36
21.61	46
21.62	36
21.63	41
21.64	39
21.65	42
21.66	29
21.67	41
21.68	34
21.69	41
21.7	31
21.71	44
21.72	33
21.73	24
21.74	36
21.75	44
21.76	31
21.77	33
21.78	30
21.79	35
21.8	37
21.81	32
21.82	30
21.83	31
21.84	46
21.85	39
21.86	44
21.87	33
21.88	34
21.89	36
21.9	38
21.91	35
21.92	37
21.93	31
21.94	35
21.95	47
21.96	27
21.97	35
21.98	41
21.99	42
22	35
22.01	24
22.02	36
22.03	30
22.04	30
22.05	31
22.06	46
22.07	32
22.08	33
22.09	26
22.1	28
22.11	43
22.12	33
22.13	42
22.14	47
22.15	44
22.16	27
22.17	28
22.18	45
22.19	35
22.2	33
22.21	36
22.22	42
22.23	40
22.24	40
22.25	41
22.26	39
22.27	36
22.28	33
22.29	39
22.3	42
22.31	27
22.32	39
22.33	35
22.34	36
22.35	35
22.36	29
22.37	38
22.38	37
22.39	35
22.4	44
22.41	37
22.42	41
22.43	36
22.44	27
22.45	30
22.46	28
22.47	38
22.48	30
22.49	38
22.5	28
22.51	32
22.52	35
22.53	29
22.54	38
22.55	30
22.56	41
22.57	29
22.58	36
22.59	31
22.6	35
22.61	40
22.62	31
22.63	38
22.64	35
22.65	32
22.66	28
22.67	44
22.68	28
22.69	40
22.7	23
22.71	30
22.72	36
22.73	27
22.74	29
22.75	25
22.76	31
22.77	42
22.78	33
22.79	31
22.8	39
22.81	40
22.82	21
22.83	33
22.84	35
22.85	24
22.86	28
22.87	30
22.88	36
22.89	37
22.9	41
22.91	25
22.92	28
22.93	27
22.94	41
22.95	25
22.96	34
22.97	36
22.98	28
22.99	39
23	35
23.01	30
23.02	24
23.03	37
23.04	35
23.05	31
23.06	29
23.07	33
23.08	27
23.09	27
23.1	35
23.11	36
23.12	33
23.13	47
23.14	44
23.15	25
23.16	24
23.17	32
23.18	24
23.19	27
23.2	31
23.21	27
23.22	33
23.23	37
23.24	35
23.25	20
23.26	23
23.27	37
23.28	41
23.29	26
23.3	35
23.31	18
23.32	38
23.33	29
23.34	33
23.35	26
23.36	30
23.37	26
23.38	38
23.39	33
23.4	26
23.41	27
23.42	30
23.43	35
23.44	38
23.45	20
23.46	33
23.47	37
23.48	32
23.49	32
23.5	26
23.51	32
23.52	41
23.53	39
23.54	29
23.55	27
23.56	27
23.57	29
23.58	32
23.59	35
23.6	38
23.61	30
23.62	29
23.63	33
23.64	32
23.65	31
23.66	28
23.67	28
23.68	28
23.69	29
23.7	27
23.71	30
23.72	32
23.73	25
23.74	31
23.75	32
23.76	26
23.77	27
23.78	39
23.79	29
23.8	30
23.81	23
23.82	19
23.83	34
23.84	37
23.85	26
23.86	33
23.87	27
23.88	38
23.89	35
23.9	30
23.91	30
23.92	34
23.93	31
23.94	33
23.95	37
23.96	22
23.97	29
23.98	26
23.99	27
24	24
24.01	37
24.02	32
24.03	40
24.04	33
24.05	29
24.06	27
24.07	41
24.08	36
24.09	32
24.1	31
24.11	27
24.12	28
24.13	21
24.14	28
24.15	27
24.16	28
24.17	32
24.18	28
24.19	42
24.2	24
24.21	30
24.22	31
24.23	32
24.24	33
24.25	25
24.26	30
24.27	33
24.28	35
24.29	36
24.3	32
24.31	36
24.32	32
24.33	35
24.34	30
24.35	35
24.36	29
24.37	23
24.38	30
24.39	27
24.4	25
24.41	29
24.42	40
24.43	41
24.44	39
24.45	26
24.46	39
24.47	29
24.48	41
24.49	30
24.5	34
24.51	29
24.52	34
24.53	41
24.54	22
24.55	25
24.56	33
24.57	23
24.58	30
24.59	24
24.6	31
24.61	36
24.62	27
24.63	29
24.64	39
24.65	24
24.66	39
24.67	24
24.68	29
24.69	31
24.7	27
24.71	37
24.72	38
24.73	27
24.74	48
24.75	19
24.76	29
24.77	28
24.78	36
24.79	45
24.8	40
24.81	32
24.82	37
24.83	31
24.84	28
24.85	35
24.86	34
24.87	31
24.88	38
24.89	34
24.9	33
24.91	36
24.92	29
24.93	38
24.94	34
24.95	36
24.96	44
24.97	30
24.98	30
24.99	30
25	27
25.01	26
25.02	31
25.03	24
25.04	34
25.05	28
25.06	35
25.07	24
25.08	31
25.09	24
25.1	39
25.11	30
25.12	33
25.13	36
25.14	30
25.15	37
25.16	35
25.17	38
25.18	39
25.19	36
25.2	31
25.21	33
25.22	32
25.23	25
25.24	31
25.25	38
25.26	23
25.27	46
25.28	32
25.29	39
25.3	28
25.31	30
25.32	32
25.33	25
25.34	38
25.35	26
25.36	40
25.37	35
25.38	27
25.39	23
25.4	44
25.41	29
25.42	31
25.43	34
25.44	31
25.45	32
25.46	37
25.47	46
25.48	41
25.49	39
25.5	34
25.51	38
25.52	35
25.53	47
25.54	36
25.55	28
25.56	40
25.57	41
25.58	36
25.59	35
25.6	31
25.61	39
25.62	27
25.63	31
25.64	33
25.65	31
25.66	32
25.67	34
25.68	35
25.69	33
25.7	47
25.71	29
25.72	35
25.73	32
25.74	36
25.75	41
25.76	27
25.77	28
25.78	31
25.79	40
25.8	28
25.81	46
25.82	38
25.83	31
25.84	30
25.85	43
25.86	39
25.87	37
25.88	20
25.89	29
25.9	32
25.91	36
25.92	46
25.93	45
25.94	26
25.95	33
25.96	32
25.97	42
25.98	36
25.99	25
26	37
26.01	29
26.02	34
26.03	32
26.04	38
26.05	37
26.06	29
26.07	32
26.08	39
26.09	27
26.1	28
26.11	44
26.12	39
26.13	30
26.14	37
26.15	33
26.16	27
26.17	39
26.18	34
26.19	31
26.2	24
26.21	36
26.22	24
26.23	30
26.24	26
26.25	29
26.26	29
26.27	29
26.28	30
26.29	34
26.3	28
26.31	19
26.32	26
26.33	34
26.34	28
26.35	21
26.36	22
26.37	23
26.38	29
26.39	24
26.4	27
26.41	23
26.42	20
26.43	19
26.44	20
26.45	19
26.46	26
26.47	29
26.48	40
26.49	22
26.5	44
26.51	28
26.52	27
26.53	21
26.54	23
26.55	25
26.56	21
26.57	26
26.58	24
26.59	22
26.6	20
26.61	20
26.62	28
26.63	23
26.64	25
26.65	33
26.66	21
26.67	13
26.68	29
26.69	20
26.7	19
26.71	24
26.72	38
26.73	20
26.74	21
26.75	15
26.76	25
26.77	25
26.78	19
26.79	31
26.8	19
26.81	22
26.82	22
26.83	16
26.84	22
26.85	28
26.86	26
26.87	22
26.88	35
26.89	17
26.9	22
26.91	20
26.92	28
26.93	24
26.94	20
26.95	19
26.96	24
26.97	21
26.98	19
26.99	27
27	19
27.01	14
27.02	17
27.03	19
27.04	14
27.05	24
27.06	19
27.07	21
27.08	23
27.09	14
27.1	21
27.11	24
27.12	24
27.13	30
27.14	21
27.15	18
27.16	13
27.17	11
27.18	26
27.19	18
27.2	16
27.21	18
27.22	15
27.23	18
27.24	11
27.25	10
27.26	27
27.27	17
27.28	9
27.29	19
27.3	25
27.31	22
27.32	20
27.33	24
27.34	13
27.35	22
27.36	17
27.37	18
27.38	17
27.39	16
27.4	20
27.41	9
27.42	17
27.43	14
27.44	22
27.45	19
27.46	20
27.47	19
27.48	12
27.49	13
27.5	23
27.51	19
27.52	15
27.53	15
27.54	12
27.55	18
27.56	13
27.57	20
27.58	18
27.59	18
27.6	14
27.61	17
27.62	24
27.63	20
27.64	12
27.65	9
27.66	16
27.67	24
27.68	14
27.69	20
27.7	11
27.71	18
27.72	16
27.73	14
27.74	16
27.75	13
27.76	14
27.77	7
27.78	14
27.79	16
27.8	22
27.81	10
27.82	12
27.83	14
27.84	12
27.85	9
27.86	14
27.87	12
27.88	18
27.89	14
27.9	11
27.91	6
27.92	16
27.93	11
27.94	18
27.95	17
27.96	19
27.97	16
27.98	13
27.99	15
28	16
28.01	13
28.02	19
28.03	15
28.04	16
28.05	8
28.06	11
28.07	18
28.08	14
28.09	19
28.1	8
28.11	12
28.12	16
28.13	12
28.14	9
28.15	12
28.16	9
28.17	10
28.18	19
28.19	13
28.2	15
28.21	12
28.22	15
28.23	16
28.24	14
28.25	12
28.26	12
28.27	12
28.28	18
28.29	11
28.3	6
28.31	6
28.32	11
28.33	18
28.34	11
28.35	7
28.36	18
28.37	7
28.38	11
28.39	8
28.4	11
28.41	16
28.42	9
28.43	7
28.44	8
28.45	11
28.46	9
28.47	6
28.48	7
28.49	6
28.5	8
28.51	8
28.52	12
28.53	13
28.54	7
28.55	4
28.56	10
28.57	11
28.58	8
28.59	8
28.6	8
28.61	12
28.62	10
28.63	6
28.64	11
28.65	12
28.66	8
28.67	9
28.68	6
28.69	13
28.7	6
28.71	4
28.72	5
28.73	7
28.74	6
28.75	2
28.76	7
28.77	8
28.78	7
28.79	6
28.8	5
28.81	8
28.82	7
28.83	6
28.84	6
28.85	3
28.86	2
28.87	4
28.88	2
28.89	5
28.9	3
28.91	5
28.92	4
28.93	7
28.94	3
28.95	6
28.96	5
28.97	5
28.98	9
28.99	4
29	5
29.01	8
29.02	10
29.03	8
29.04	4
29.05	6
29.06	6
29.07	4
29.08	5
29.09	4
29.1	3
29.11	3
29.12	4
29.13	3
29.14	4
29.15	8
29.16	5
29.17	4
29.18	4
29.19	7
29.2	3
29.21	5
29.22	3
29.23	8
29.24	3
29.25	4
29.26	5
29.27	4
29.28	7
29.29	8
29.3	6
29.31	4
29.32	4
29.33	7
29.34	4
29.35	3
29.36	6
29.37	3
29.38	5
29.39	8
29.4	4
29.41	4
29.42	3
29.43	4
29.44	3
29.45	5
29.46	2
29.47	7
29.48	5
29.49	5
29.5	8
29.51	3
29.52	5
29.53	1
29.54	4
29.55	4
29.56	5
29.57	1
29.58	2
29.59	3
29.6	4
29.61	4
29.62	3
29.63	4
29.64	1
29.65	4
29.66	1
29.67	3
29.68	3
29.69	4
29.7	5
29.71	2
29.72	2
29.73	4
29.74	1
29.75	2
29.76	1
29.77	0
29.78	3
29.79	6
29.8	1
29.81	2
29.82	1
29.83	1
29.84	3
29.85	5
29.86	1
29.87	0
29.88	3
29.89	3
29.9	3
29.91	1
29.92	6
29.93	3
29.94	4
29.95	1
29.96	5
29.97	3
29.98	1
29.99	2
30	3
30.01	0
30.02	3
30.03	2
30.04	6
30.05	3
30.06	3
30.07	1
30.08	3
30.09	4
30.1	2
30.11	4
30.12	0
30.13	1
30.14	3
30.15	4
30.16	1
30.17	2
30.18	3
30.19	3
30.2	4
30.21	6
30.22	1
30.23	2
30.24	5
30.25	3
30.26	2
30.27	1
30.28	3
30.29	1
30.3	2
30.31	4
30.32	4
30.33	3
30.34	1
30.35	1
30.36	2
30.37	3
30.38	4
30.39	2
30.4	3
30.41	1
30.42	1
30.43	3
30.44	1
30.45	2
30.46	2
30.47	1
30.48	2
30.49	3
30.5	1
30.51	1
30.52	2
30.53	2
30.54	1
30.55	1
30.56	2
30.57	4
30.58	1
30.59	0
30.6	6
30.61	2
30.62	3
30.63	2
30.64	6
30.65	2
30.66	6
30.67	4
30.68	1
30.69	3
30.7	1
30.71	1
30.72	0
30.73	2
30.74	2
30.75	2
30.76	2
30.77	2
30.78	2
30.79	4
30.8	3
30.81	3
30.82	3
30.83	0
30.84	1
30.85	2
30.86	2
30.87	2
30.88	1
30.89	1
30.9	0
30.91	1
30.92	2
30.93	2
30.94	1
30.95	2
30.96	0
30.97	2
30.98	3
30.99	3
31	4
31.01	0
31.02	2
31.03	1
31.04	1
31.05	2
31.06	1
31.07	3
31.08	2
31.09	5
31.1	1
31.11	4
31.12	2
31.13	2
31.14	0
31.15	4
31.16	0
31.17	3
31.18	3
31.19	4
31.2	2
31.21	5
31.22	1
31.23	2
31.24	2
31.25	2
31.26	1
31.27	2
31.28	2
31.29	4
31.3	3
31.31	1
31.32	4
31.33	1
31.34	2
31.35	3
31.36	4
31.37	2
31.38	1
31.39	1
31.4	0
31.41	2
31.42	1
31.43	5
31.44	0
31.45	3
31.46	2
31.47	3
31.48	3
31.49	4
31.5	4
31.51	3
31.52	1
31.53	3
31.54	2
31.55	0
31.56	2
31.57	1
31.58	3
31.59	3
31.6	0
31.61	2
31.62	3
31.63	2
31.64	1
31.65	2
31.66	1
31.67	0
31.68	3
31.69	2
31.7	0
31.71	3
31.72	3
31.73	2
31.74	4
31.75	0
31.76	1
31.77	2
31.78	6
31.79	2
31.8	1
31.81	1
31.82	3
31.83	2
31.84	1
31.85	0
31.86	3
31.87	3
31.88	1
31.89	4
31.9	1
31.91	4
31.92	1
31.93	1
31.94	2
31.95	1
31.96	0
31.97	2
31.98	1
31.99	3
32	3
32.01	3
32.02	1
32.03	2
32.04	1
32.05	3
32.06	5
32.07	6
32.08	2
32.09	2
32.1	1
32.11	1
32.12	2
32.13	2
32.14	2
32.15	2
32.16	5
32.17	1
32.18	3
32.19	3
32.2	5
32.21	3
32.22	2
32.23	4
32.24	0
32.25	2
32.26	3
32.27	1
32.28	3
32.29	1
32.3	2
32.31	3
32.32	4
32.33	4
32.34	1
32.35	0
32.36	0
32.37	3
32.38	2
32.39	1
32.4	3
32.41	6
32.42	1
32.43	2
32.44	3
32.45	4
32.46	1
32.47	2
32.48	3
32.49	1
32.5	5
32.51	2
32.52	1
32.53	1
32.54	5
32.55	0
32.56	0
32.57	4
32.58	2
32.59	2
32.6	2
32.61	2
32.62	1
32.63	3
32.64	3
32.65	1
32.66	0
32.67	0
32.68	0
32.69	2
32.7	2
32.71	2
32.72	0
32.73	0
32.74	0
32.75	1
32.76	2
32.77	2
32.78	6
32.79	2
32.8	3
32.81	1
32.82	2
32.83	1
32.84	1
32.85	3
32.86	4
32.87	5
32.88	3
32.89	3
32.9	2
32.91	0
32.92	1
32.93	2
32.94	1
32.95	5
32.96	3
32.97	4
32.98	5
32.99	5
33	1
33.01	0
33.02	4
33.03	2
33.04	3
33.05	5
33.06	1
33.07	1
33.08	5
33.09	1
33.1	4
33.11	2
33.12	3
33.13	2
33.14	2
33.15	1
33.16	2
33.17	3
33.18	0
33.19	5
33.2	3
33.21	4
33.22	4
33.23	1
33.24	1
33.25	3
33.26	1
33.27	4
33.28	3
33.29	3
33.3	4
33.31	1
33.32	3
33.33	2
33.34	3
33.35	5
33.36	4
33.37	3
33.38	1
33.39	2
33.4	2
33.41	4
33.42	5
33.43	2
33.44	0
33.45	2
33.46	2
33.47	2
33.48	5
33.49	1
33.5	2
33.51	5
33.52	4
33.53	7
33.54	3
33.55	3
33.56	4
33.57	3
33.58	3
33.59	4
33.6	0
33.61	3
33.62	3
33.63	3
33.64	2
33.65	4
33.66	8
33.67	2
33.68	0
33.69	3
33.7	2
33.71	3
33.72	3
33.73	3
33.74	3
33.75	4
33.76	2
33.77	3
33.78	1
33.79	2
33.8	5
33.81	8
33.82	1
33.83	1
33.84	2
33.85	4
33.86	3
33.87	5
33.88	2
33.89	1
33.9	2
33.91	0
33.92	2
33.93	2
33.94	2
33.95	1
33.96	2
33.97	2
33.98	3
33.99	4
34	4
34.01	3
34.02	3
34.03	3
34.04	1
34.05	8
34.06	2
34.07	5
34.08	3
34.09	6
34.1	6
34.11	4
34.12	5
34.13	1
34.14	1
34.15	1
34.16	1
34.17	7
34.18	2
34.19	4
34.2	4
34.21	6
34.22	8
34.23	3
34.24	2
34.25	5
34.26	4
34.27	4
34.28	2
34.29	5
34.3	1
34.31	4
34.32	4
34.33	1
34.34	3
34.35	5
34.36	4
34.37	5
34.38	3
34.39	3
34.4	2
34.41	1
34.42	2
34.43	2
34.44	2
34.45	5
34.46	10
34.47	0
34.48	8
34.49	1
34.5	4
34.51	4
34.52	7
34.53	5
34.54	3
34.55	8
34.56	4
34.57	9
34.58	7
34.59	4
34.6	4
34.61	6
34.62	5
34.63	4
34.64	4
34.65	7
34.66	3
34.67	4
34.68	6
34.69	8
34.7	3
34.71	7
34.72	7
34.73	5
34.74	3
34.75	5
34.76	6
34.77	3
34.78	3
34.79	1
34.8	7
34.81	1
34.82	6
34.83	4
34.84	5
34.85	4
34.86	4
34.87	8
34.88	5
34.89	4
34.9	12
34.91	4
34.92	6
34.93	6
34.94	8
34.95	4
34.96	5
34.97	4
34.98	6
34.99	5
35	6
35.01	6
35.02	6
35.03	8
35.04	5
35.05	4
35.06	5
35.07	5
35.08	5
35.09	4
35.1	14
35.11	12
35.12	10
35.13	5
35.14	3
35.15	7
35.16	4
35.17	9
35.18	6
35.19	7
35.2	9
35.21	5
35.22	10
35.23	7
35.24	8
35.25	5
35.26	6
35.27	7
35.28	9
35.29	7
35.3	10
35.31	4
35.32	6
35.33	5
35.34	6
35.35	4
35.36	7
35.37	8
35.38	8
35.39	11
35.4	6
35.41	6
35.42	8
35.43	7
35.44	4
35.45	6
35.46	3
35.47	9
35.48	5
35.49	4
35.5	12
35.51	4
35.52	7
35.53	7
35.54	12
35.55	7
35.56	9
35.57	7
35.58	7
35.59	6
35.6	8
35.61	7
35.62	13
35.63	4
35.64	5
35.65	13
35.66	7
35.67	9
35.68	10
35.69	9
35.7	7
35.71	6
35.72	11
35.73	12
35.74	5
35.75	13
35.76	6
35.77	5
35.78	8
35.79	8
35.8	6
35.81	4
35.82	3
35.83	6
35.84	9
35.85	7
35.86	6
35.87	7
35.88	5
35.89	7
35.9	7
35.91	4
35.92	7
35.93	5
35.94	8
35.95	3
35.96	9
35.97	7
35.98	6
35.99	7
36	11
36.01	6
36.02	9
36.03	3
36.04	6
36.05	11
36.06	6
36.07	11
36.08	9
36.09	11
36.1	8
36.11	9
36.12	5
36.13	8
36.14	6
36.15	9
36.16	11
36.17	11
36.18	8
36.19	2
36.2	10
36.21	7
36.22	6
36.23	13
36.24	8
36.25	12
36.26	5
36.27	10
36.28	9
36.29	5
36.3	14
36.31	5
36.32	12
36.33	10
36.34	14
36.35	12
36.36	8
36.37	7
36.38	7
36.39	5
36.4	7
36.41	7
36.42	7
36.43	9
36.44	6
36.45	8
36.46	9
36.47	8
36.48	8
36.49	7
36.5	5
36.51	6
36.52	9
36.53	10
36.54	6
36.55	9
36.56	8
36.57	5
36.58	2
36.59	9
36.6	9
36.61	8
36.62	13
36.63	12
36.64	8
36.65	10
36.66	9
36.67	14
36.68	8
36.69	9
36.7	10
36.71	11
36.72	5
36.73	12
36.74	13
36.75	7
36.76	9
36.77	12
36.78	11
36.79	11
36.8	13
36.81	7
36.82	3
36.83	13
36.84	8
36.85	10
36.86	7
36.87	8
36.88	13
36.89	12
36.9	14
36.91	9
36.92	9
36.93	12
36.94	4
36.95	8
36.96	8
36.97	7
36.98	9
36.99	9
37	8
37.01	7
37.02	4
37.03	9
37.04	4
37.05	9
37.06	9
37.07	6
37.08	12
37.09	16
37.1	10
37.11	7
37.12	6
37.13	14
37.14	6
37.15	11
37.16	8
37.17	15
37.18	6
37.19	7
37.2	8
37.21	12
37.22	9
37.23	7
37.24	9
37.25	10
37.26	9
37.27	12
37.28	10
37.29	7
37.3	9
37.31	13
37.32	11
37.33	14
37.34	14
37.35	8
37.36	9
37.37	20
37.38	11
37.39	14
37.4	11
37.41	10
37.42	12
37.43	11
37.44	10
37.45	7
37.46	10
37.47	12
37.48	11
37.49	10
37.5	10
37.51	6
37.52	9
37.53	14
37.54	7
37.55	9
37.56	9
37.57	14
37.58	9
37.59	8
37.6	11
37.61	11
37.62	4
37.63	12
37.64	9
37.65	8
37.66	8
37.67	6
37.68	6
37.69	11
37.7	10
37.71	10
37.72	7
37.73	12
37.74	14
37.75	14
37.76	7
37.77	6
37.78	5
37.79	3
37.8	6
37.81	7
37.82	6
37.83	6
37.84	10
37.85	9
37.86	3
37.87	11
37.88	4
37.89	7
37.9	12
37.91	6
37.92	7
37.93	11
37.94	7
37.95	8
37.96	6
37.97	11
37.98	4
37.99	8
38	8
38.01	11
38.02	8
38.03	2
38.04	1
38.05	10
38.06	6
38.07	6
38.08	16
38.09	7
38.1	10
38.11	9
38.12	9
38.13	9
38.14	5
38.15	7
38.16	5
38.17	8
38.18	16
38.19	6
38.2	2
38.21	11
38.22	8
38.23	7
38.24	3
38.25	6
38.26	4
38.27	5
38.28	4
38.29	5
38.3	4
38.31	5
38.32	2
38.33	6
38.34	4
38.35	4
38.36	5
38.37	6
38.38	5
38.39	6
38.4	9
38.41	1
38.42	3
38.43	6
38.44	7
38.45	5
38.46	4
38.47	6
38.48	6
38.49	6
38.5	2
38.51	6
38.52	3
38.53	5
38.54	3
38.55	3
38.56	4
38.57	2
38.58	3
38.59	3
38.6	4
38.61	5
38.62	2
38.63	2
38.64	4
38.65	4
38.66	2
38.67	3
38.68	2
38.69	4
38.7	0
38.71	8
38.72	7
38.73	5
38.74	1
38.75	2
38.76	4
38.77	4
38.78	3
38.79	9
38.8	0
38.81	3
38.82	1
38.83	3
38.84	3
38.85	2
38.86	4
38.87	5
38.88	5
38.89	4
38.9	1
38.91	2
38.92	3
38.93	0
38.94	2
38.95	4
38.96	2
38.97	4
38.98	2
38.99	4
39	2
39.01	0
39.02	4
39.03	3
39.04	1
39.05	2
39.06	2
39.07	2
39.08	1
39.09	3
39.1	3
39.11	1
39.12	2
39.13	3
39.14	4
39.15	3
39.16	1
39.17	1
39.18	2
39.19	2
39.2	6
39.21	1
39.22	1
39.23	3
39.24	5
39.25	0
39.26	1
39.27	2
39.28	1
39.29	1
39.3	2
39.31	1
39.32	0
39.33	1
39.34	2
39.35	2
39.36	2
39.37	2
39.38	3
39.39	0
39.4	1
39.41	1
39.42	2
39.43	1
39.44	2
39.45	2
39.46	1
39.47	1
39.48	0
39.49	1
39.5	3
39.51	1
39.52	1
39.53	0
39.54	1
39.55	3
39.56	0
39.57	1
39.58	1
39.59	1
39.6	1
39.61	1
39.62	0
39.63	0
39.64	0
39.65	0
39.66	1
39.67	2
39.68	0
39.69	2
39.7	2
39.71	0
39.72	2
39.73	0
39.74	0
39.75	2
39.76	0
39.77	0
39.78	2
39.79	1
39.8	0
39.81	0
39.82	1
39.83	1
39.84	0
39.85	2
39.86	0
39.87	1
39.88	1
39.89	1
39.9	1
39.91	2
39.92	1
39.93	3
39.94	0
39.95	1
39.96	2
39.97	1
39.98	0
39.99	1
40	1
40.01	0
40.02	0
40.03	0
40.04	1
40.05	1
40.06	0
40.07	3
40.08	0
40.09	1
40.1	1
40.11	0
40.12	0
40.13	1
40.14	0
40.15	1
40.16	2
40.17	0
40.18	0
40.19	0
40.2	0
40.21	0
40.22	0
40.23	0
40.24	0
40.25	0
40.26	0
40.27	1
40.28	1
40.29	1
40.3	1
40.31	0
40.32	0
40.33	1
40.34	1
40.35	3
40.36	1
40.37	0
40.38	1
40.39	0
40.4	1
40.41	0
40.42	0
40.43	0
40.44	0
40.45	0
40.46	1
40.47	2
40.48	0
40.49	1
40.5	2
40.51	2
40.52	1
40.53	0
40.54	0
40.55	0
40.56	0
40.57	1
40.58	0
40.59	1
40.6	1
40.61	0
40.62	0
40.63	2
40.64	0
40.65	0
40.66	1
40.67	3
40.68	0
40.69	0
40.7	2
40.71	0
40.72	0
40.73	0
40.74	0
40.75	0
40.76	0
40.77	1
40.78	0
40.79	0
40.8	1
40.81	0
40.82	0
40.83	0
40.84	0
40.85	0
40.86	0
40.87	0
40.88	2
40.89	0
40.9	1
40.91	0
40.92	0
40.93	2
40.94	1
40.95	1
40.96	0
40.97	0
40.98	1
40.99	1
41	1
41.01	1
41.02	1
41.03	1
41.04	0
41.05	0
41.06	1
41.07	1
41.08	1
41.09	1
41.1	0
41.11	2
41.12	0
41.13	0
41.14	0
41.15	0
41.16	1
41.17	0
41.18	0
41.19	0
41.2	0
41.21	2
41.22	0
41.23	0
41.24	2
41.25	1
41.26	0
41.27	0
41.28	0
41.29	1
41.3	0
41.31	0
41.32	0
41.33	0
41.34	1
41.35	1
41.36	0
41.37	0
41.38	0
41.39	0
41.4	0
41.41	0
41.42	1
41.43	1
41.44	1
41.45	1
41.46	0
41.47	0
41.48	0
41.49	0
41.5	0
41.51	0
41.52	1
41.53	1
41.54	0
41.55	1
41.56	0
41.57	0
41.58	0
41.59	0
41.6	0
41.61	0
41.62	0
41.63	0
41.64	1
41.65	0
41.66	0
41.67	0
41.68	0
41.69	0
41.7	0
41.71	1
41.72	1
41.73	1
41.74	1
41.75	0
41.76	0
41.77	0
41.78	0
41.79	0
41.8	0
41.81	0
41.82	0
41.83	1
41.84	0
41.85	0
41.86	0
41.87	1
41.88	0
41.89	1
41.9	0
41.91	0
41.92	1
41.93	1
41.94	0
41.95	0
41.96	1
41.97	1
41.98	0
41.99	0
42	1
42.01	0
42.02	0
42.03	0
42.04	2
42.05	1
42.06	1
42.07	1
42.08	0
42.09	0
42.1	0
42.11	0
42.12	0
42.13	0
42.14	0
42.15	0
42.16	0
42.17	0
42.18	1
42.19	0
42.2	0
42.21	0
42.22	1
42.23	0
42.24	0
42.25	0
42.26	0
42.27	0
42.28	0
42.29	1
42.3	0
42.31	0
42.32	0
42.33	0
42.34	1
42.35	0
42.36	0
42.37	1
42.38	0
42.39	2
42.4	1
42.41	0
42.42	0
42.43	0
42.44	0
42.45	0
42.46	0
42.47	0
42.48	0
42.49	0
42.5	0
42.51	0
42.52	0
42.53	0
42.54	0
42.55	0
42.56	0
42.57	0
42.58	1
42.59	0
42.6	0
42.61	0
42.62	0
42.63	0
42.64	0
42.65	0
42.66	0
42.67	0
42.68	1
42.69	0
42.7	0
42.71	1
42.72	0
42.73	0
42.74	0
42.75	0
42.76	0
42.77	0
42.78	0
42.79	0
42.8	0
42.81	1
42.82	0
42.83	0
42.84	0
42.85	0
42.86	0
42.87	0
42.88	0
42.89	0
42.9	0
42.91	0
42.92	0
42.93	0
42.94	0
42.95	0
42.96	0
42.97	1
42.98	0
42.99	0
43	0
43.01	0
43.02	0
43.03	0
43.04	0
43.05	0
43.06	0
43.07	0
43.08	0
43.09	0
43.1	0
43.11	0
43.12	0
43.13	0
43.14	1
43.15	0
43.16	0
43.17	1
43.18	0
43.19	0
43.2	1
43.21	0
43.22	0
43.23	0
43.24	0
43.25	0
43.26	0
43.27	0
43.28	1
43.29	0
43.3	0
43.31	0
43.32	0
43.33	1
43.34	0
43.35	0
43.36	0
43.37	0
43.38	0
43.39	0
43.4	0
43.41	0
43.42	0
43.43	0
43.44	0
43.45	0
43.46	0
43.47	0
43.48	0
43.49	0
43.5	0
43.51	0
43.52	0
43.53	0
43.54	0
43.55	0
43.56	0
43.57	0
43.58	1
43.59	0
43.6	0
43.61	1
43.62	0
43.63	0
43.64	0
43.65	0
43.66	0
43.67	0
43.68	0
43.69	0
43.7	0
43.71	0
43.72	1
43.73	0
43.74	0
43.75	1
43.76	0
43.77	0
43.78	1
43.79	0
43.8	0
43.81	0
43.82	0
43.83	0
43.84	0
43.85	0
43.86	0
43.87	0
43.88	0
43.89	0
43.9	0
43.91	0
43.92	0
43.93	0
43.94	0
43.95	0
43.96	1
43.97	0
43.98	0
43.99	0
44	0
44.01	0
44.02	1
44.03	0
44.04	0
44.05	0
44.06	0
44.07	0
44.08	0
44.09	0
44.1	0
44.11	0
44.12	1
44.13	0
44.14	0
44.15	0
44.16	0
44.17	0
44.18	0
44.19	0
44.2	0
44.21	0
44.22	0
44.23	0
44.24	0
44.25	0
44.26	0
44.27	0
44.28	0
44.29	1
44.3	0
44.31	0
44.32	0
44.33	0
44.34	0
44.35	0
44.36	0
44.37	0
44.38	1
44.39	1
44.4	0
44.41	0
44.42	0
44.43	0
44.44	0
44.45	0
44.46	0
44.47	0
44.48	0
44.49	0
44.5	0
44.51	0
44.52	0
44.53	1
44.54	0
44.55	0
44.56	0
44.57	0
44.58	0
44.59	0
44.6	0
44.61	0
44.62	0
44.63	0
44.64	1
44.65	0
44.66	0
44.67	0
44.68	0
44.69	0
44.7	0
44.71	0
44.72	0
44.73	0
44.74	0
44.75	0
44.76	1
44.77	0
44.78	0
44.79	0
44.8	1
44.81	0
44.82	1
44.83	0
44.84	0
44.85	0
44.86	0
44.87	0
44.88	0
44.89	0
44.9	0
44.91	0
44.92	0
44.93	0
44.94	0
44.95	0
44.96	0
44.97	0
44.98	0
44.99	0
45	0
45.01	0
45.02	0
45.03	0
45.04	0
45.05	0
45.06	0
45.07	0
45.08	0
45.09	0
45.1	0
45.11	0
45.12	0
45.13	1
45.14	0
45.15	0
45.16	0
45.17	0
45.18	0
45.19	0
45.2	0
45.21	0
45.22	0
45.23	0
45.24	0
45.25	0
45.26	0
45.27	1
45.28	0
45.29	0
45.3	0
45.31	0
45.32	0
45.33	0
45.34	0
45.35	1
45.36	0
45.37	0
45.38	0
45.39	0
45.4	0
45.41	0
45.42	0
45.43	0
45.44	0
45.45	0
45.46	1
45.47	0
45.48	0
45.49	0
45.5	0
45.51	0
45.52	0
45.53	0
45.54	0
45.55	0
45.56	0
45.57	0
45.58	0
45.59	0
45.6	0
45.61	0
45.62	0
45.63	0
45.64	0
45.65	0
45.66	0
45.67	0
45.68	0
45.69	0
45.7	0
45.71	0
45.72	0
45.73	0
45.74	0
45.75	0
45.76	0
45.77	0
45.78	0
45.79	0
45.8	1
45.81	0
45.82	0
45.83	0
45.84	0
45.85	0
45.86	0
45.87	0
45.88	0
45.89	0
45.9	0
45.91	0
45.92	0
45.93	0
45.94	0
45.95	0
45.96	0
45.97	0
45.98	0
45.99	0
46	0
46.01	1
46.02	0
46.03	0
46.04	0
46.05	0
46.06	1
46.07	0
46.08	0
46.09	0
46.1	0
46.11	0
46.12	0
46.13	0
46.14	0
46.15	0
46.16	0
46.17	0
46.18	0
46.19	0
46.2	0
46.21	0
46.22	0
46.23	0
46.24	0
46.25	0
46.26	0
46.27	1
46.28	0
46.29	0
46.3	0
46.31	0
46.32	0
46.33	0
46.34	0
46.35	0
46.36	0
46.37	0
46.38	0
46.39	0
46.4	0
46.41	0
46.42	0
46.43	0
46.44	0
46.45	0
46.46	0
46.47	0
46.48	0
46.49	0
46.5	0
46.51	0
46.52	0
46.53	0
46.54	0
46.55	0
46.56	0
46.57	0
46.58	0
46.59	1
46.6	0
46.61	0
46.62	0
46.63	0
46.64	2
46.65	0
46.66	0
46.67	0
46.68	0
46.69	0
46.7	0
46.71	0
46.72	0
46.73	0
46.74	0
46.75	0
46.76	0
46.77	0
46.78	0
46.79	0
46.8	0
46.81	0
46.82	0
46.83	0
46.84	0
46.85	0
46.86	1
46.87	0
46.88	0
46.89	0
46.9	0
46.91	0
46.92	0
46.93	0
46.94	0
46.95	0
46.96	0
46.97	0
46.98	0
46.99	0
47	0
47.01	0
47.02	0
47.03	0
47.04	0
47.05	0
47.06	0
47.07	0
47.08	0
47.09	0
47.1	0
47.11	0
47.12	0
47.13	0
47.14	0
47.15	1
47.16	1
47.17	0
47.18	0
47.19	0
47.2	0
47.21	0
47.22	0
47.23	0
47.24	0
47.25	0
47.26	0
47.27	0
47.28	0
47.29	0
47.3	0
47.31	0
47.32	0
47.33	0
47.34	1
47.35	0
47.36	0
47.37	1
47.38	1
47.39	0
47.4	0
47.41	0
47.42	0
47.43	0
47.44	0
47.45	0
47.46	0
47.47	0
47.48	0
47.49	0
47.5	0
47.51	0
47.52	0
47.53	0
47.54	0
47.55	0
47.56	0
47.57	0
47.58	0
47.59	0
47.6	0
47.61	0
47.62	0
47.63	0
47.64	0
47.65	0
47.66	0
47.67	0
47.68	0
47.69	0
47.7	0
47.71	0
47.72	0
47.73	0
47.74	0
47.75	0
47.76	0
47.77	0
47.78	0
47.79	0
47.8	0
47.81	1
47.82	0
47.83	0
47.84	0
47.85	0
47.86	0
47.87	0
47.88	0
47.89	0
47.9	0
47.91	0
47.92	0
47.93	0
47.94	1
47.95	0
47.96	1
47.97	0
47.98	0
47.99	0
48	0
48.01	0
48.02	0
48.03	0
48.04	0
48.05	0
48.06	0
48.07	0
48.08	0
48.09	0
48.1	0
48.11	0
48.12	0
48.13	0
48.14	0
48.15	0
48.16	0
48.17	0
48.18	0
48.19	0
48.2	0
48.21	0
48.22	0
48.23	0
48.24	0
48.25	0
48.26	0
48.27	0
48.28	0
48.29	0
48.3	0
48.31	0
48.32	0
48.33	0
48.34	0
48.35	0
48.36	0
48.37	0
48.38	0
48.39	0
48.4	0
48.41	1
48.42	0
48.43	0
48.44	0
48.45	0
48.46	1
48.47	0
48.48	0
48.49	0
48.5	0
48.51	0
48.52	0
48.53	0
48.54	0
48.55	0
48.56	0
48.57	0
48.58	0
48.59	0
48.6	0
48.61	0
48.62	0
48.63	0
48.64	0
48.65	0
48.66	0
48.67	0
48.68	0
48.69	0
48.7	1
48.71	0
48.72	0
48.73	0
48.74	1
48.75	0
48.76	0
48.77	0
48.78	0
48.79	0
48.8	0
48.81	0
48.82	0
48.83	0
48.84	0
48.85	0
48.86	1
48.87	0
48.88	0
48.89	0
48.9	0
48.91	0
48.92	0
48.93	0
48.94	0
48.95	0
48.96	0
48.97	0
48.98	0
48.99	0
49	0
49.01	0
49.02	1
49.03	0
49.04	1
49.05	0
49.06	0
49.07	0
49.08	0
49.09	0
49.1	0
49.11	0
49.12	0
49.13	1
49.14	0
49.15	0
49.16	0
49.17	0
49.18	0
49.19	0
49.2	0
49.21	0
49.22	0
49.23	0
49.24	0
49.25	0
49.26	0
49.27	0
49.28	0
49.29	0
49.3	1
49.31	0
49.32	0
49.33	0
49.34	0
49.35	0
49.36	0
49.37	0
49.38	0
49.39	0
49.4	0
49.41	0
49.42	0
49.43	0
49.44	0
49.45	0
49.46	0
49.47	0
49.48	0
49.49	0
49.5	0
49.51	1
49.52	0
49.53	0
49.54	0
49.55	0
49.56	0
49.57	0
49.58	0
49.59	0
49.6	0
49.61	0
49.62	0
49.63	0
49.64	0
49.65	0
49.66	0
49.67	0
49.68	0
49.69	0
49.7	0
49.71	1
49.72	0
49.73	0
49.74	0
49.75	0
49.76	0
49.77	0
49.78	0
49.79	0
49.8	0
49.81	0
49.82	0
49.83	0
49.84	0
49.85	0
49.86	0
49.87	0
49.88	0
49.89	0
49.9	0
49.91	0
49.92	0
49.93	0
49.94	0
49.95	1
49.96	0
49.97	0
49.98	0
49.99	0
50	0
50.01	0
50.02	0
50.03	0
50.04	0
50.05	0
50.06	0
50.07	0
50.08	0
50.09	0
50.1	0
50.11	0
50.12	0
50.13	0
50.14	0
50.15	0
50.16	0
50.17	0
50.18	0
50.19	0
50.2	0
50.21	0
50.22	0
50.23	0
50.24	0
50.25	0
50.26	0
50.27	0
50.28	0
50.29	0
50.3	0
50.31	0
50.32	0
50.33	0
50.34	0
50.35	0
50.36	0
50.37	0
50.38	0
50.39	0
50.4	0
50.41	0
50.42	0
50.43	0
50.44	0
50.45	0
50.46	0
50.47	0
50.48	0
50.49	0
50.5	0
50.51	0
50.52	0
50.53	0
50.54	0
50.55	0
50.56	0
50.57	0
50.58	0
50.59	0
50.6	0
50.61	0
50.62	0
50.63	0
50.64	0
50.65	0
50.66	0
50.67	0
50.68	0
50.69	0
50.7	0
50.71	0
50.72	0
50.73	0
50.74	0
50.75	0
50.76	0
50.77	0
50.78	0
50.79	0
50.8	0
50.81	0
50.82	0
50.83	0
50.84	0
50.85	0
50.86	0
50.87	0
50.88	0
50.89	0
50.9	0
50.91	0
50.92	0
50.93	0
50.94	0
50.95	0
50.96	0
50.97	0
50.98	0
50.99	0
51	0
51.01	0
51.02	0
51.03	0
51.04	0
51.05	0
51.06	0
51.07	0
51.08	0
51.09	0
51.1	0
51.11	0
51.12	0
51.13	0
51.14	0
51.15	0
51.16	0
51.17	0
51.18	0
51.19	0
51.2	0
51.21	0
51.22	0
51.23	0
51.24	0
51.25	0
51.26	0
51.27	0
51.28	0
51.29	0
51.3	0
51.31	0
51.32	0
51.33	0
51.34	0
51.35	0
51.36	0
51.37	0
51.38	0
51.39	0
51.4	0
51.41	0
51.42	0
51.43	0
51.44	0
51.45	0
51.46	0
51.47	0
51.48	0
51.49	0
51.5	0
51.51	0
51.52	0
51.53	0
51.54	0
51.55	0
51.56	0
51.57	0
51.58	0
51.59	0
51.6	0
51.61	0
51.62	0
51.63	0
51.64	0
51.65	0
51.66	0
51.67	0
51.68	0
51.69	0
51.7	0
51.71	0
51.72	0
51.73	0
51.74	0
51.75	0
51.76	0
51.77	0
51.78	0
51.79	0
51.8	0
51.81	0
51.82	0
51.83	0
51.84	0
51.85	0
51.86	0
51.87	0
51.88	0
51.89	0
51.9	0
51.91	0
51.92	0
51.93	0
51.94	0
51.95	0
51.96	0
51.97	0
51.98	0
51.99	0
52	0
52.01	0
52.02	0
52.03	0
52.04	1
52.05	0
52.06	0
52.07	0
52.08	0
52.09	0
52.1	0
52.11	0
52.12	0
52.13	0
52.14	0
52.15	0
52.16	0
52.17	0
52.18	0
52.19	0
52.2	0
52.21	0
52.22	0
52.23	0
52.24	0
52.25	0
52.26	0
52.27	0
52.28	0
52.29	0
52.3	0
52.31	0
52.32	0
52.33	0
52.34	0
52.35	0
52.36	0
52.37	0
52.38	0
52.39	0
52.4	0
52.41	1
52.42	0
52.43	0
52.44	0
52.45	0
52.46	0
52.47	0
52.48	0
52.49	0
52.5	0
52.51	0
52.52	0
52.53	0
52.54	0
52.55	0
52.56	0
52.57	0
52.58	0
52.59	0
52.6	0
52.61	0
52.62	0
52.63	0
52.64	0
52.65	0
52.66	0
52.67	0
52.68	0
52.69	0
52.7	0
52.71	0
52.72	0
52.73	0
52.74	0
52.75	0
52.76	0
52.77	0
52.78	0
52.79	0
52.8	0
52.81	0
52.82	0
52.83	0
52.84	1
52.85	0
52.86	0
52.87	0
52.88	0
52.89	0
52.9	0
52.91	0
52.92	0
52.93	0
52.94	0
52.95	0
52.96	0
52.97	0
52.98	0
52.99	0
53	0
53.01	0
53.02	0
53.03	0
53.04	0
53.05	0
53.06	1
53.07	0
53.08	0
53.09	0
53.1	0
53.11	0
53.12	0
53.13	0
53.14	0
53.15	0
53.16	0
53.17	0
53.18	0
53.19	0
53.2	0
53.21	0
53.22	0
53.23	0
53.24	0
53.25	0
53.26	0
53.27	0
53.28	0
53.29	2
53.3	0
53.31	0
53.32	0
53.33	0
53.34	0
53.35	0
53.36	0
53.37	0
53.38	0
53.39	0
53.4	0
53.41	0
53.42	0
53.43	0
53.44	0
53.45	0
53.46	0
53.47	0
53.48	0
53.49	0
53.5	0
53.51	0
53.52	0
53.53	0
53.54	0
53.55	0
53.56	0
53.57	0
53.58	0
53.59	0
53.6	0
53.61	0
53.62	0
53.63	0
53.64	0
53.65	0
53.66	0
53.67	0
53.68	0
53.69	0
53.7	0
53.71	0
53.72	0
53.73	0
53.74	0
53.75	0
53.76	0
53.77	0
53.78	0
53.79	0
53.8	0
53.81	0
53.82	0
53.83	0
53.84	0
53.85	0
53.86	0
53.87	0
53.88	0
53.89	0
53.9	0
53.91	0
53.92	0
53.93	0
53.94	0
53.95	0
53.96	0
53.97	0
53.98	0
53.99	0
54	0
54.01	0
54.02	0
54.03	1
54.04	0
54.05	0
54.06	0
54.07	0
54.08	0
54.09	0
54.1	0
54.11	0
54.12	0
54.13	0
54.14	0
54.15	0
54.16	0
54.17	0
54.18	0
54.19	0
54.2	0
54.21	0
54.22	0
54.23	0
54.24	0
54.25	0
54.26	0
54.27	0
54.28	0
54.29	0
54.3	0
54.31	0
54.32	0
54.33	0
54.34	0
54.35	0
54.36	0
54.37	0
54.38	0
54.39	0
54.4	0
54.41	0
54.42	0
54.43	0
54.44	0
54.45	0
54.46	0
54.47	0
54.48	0
54.49	0
54.5	0
54.51	0
54.52	0
54.53	0
54.54	0
54.55	0
54.56	1
54.57	0
54.58	0
54.59	0
54.6	0
54.61	0
54.62	0
54.63	0
54.64	0
54.65	0
54.66	0
54.67	0
54.68	0
54.69	0
54.7	0
54.71	0
54.72	0
54.73	0
54.74	0
54.75	0
54.76	0
54.77	0
54.78	0
54.79	0
54.8	0
54.81	0
54.82	0
54.83	0
54.84	0
54.85	0
54.86	0
54.87	0
54.88	0
54.89	0
54.9	0
54.91	0
54.92	0
54.93	0
54.94	0
54.95	1
54.96	0
54.97	0
54.98	0
54.99	0
55	0
55.01	0
55.02	0
55.03	0
55.04	0
55.05	0
55.06	0
55.07	0
55.08	0
55.09	0
55.1	0
55.11	0
55.12	0
55.13	0
55.14	0
55.15	0
55.16	0
55.17	0
55.18	0
55.19	0
55.2	0
55.21	0
55.22	0
55.23	0
55.24	0
55.25	0
55.26	0
55.27	0
55.28	0
55.29	0
55.3	0
55.31	0
55.32	0
55.33	0
55.34	0
55.35	0
55.36	0
55.37	0
55.38	0
55.39	0
55.4	0
55.41	0
55.42	0
55.43	0
55.44	0
55.45	0
55.46	0
55.47	0
55.48	0
55.49	0
55.5	0
55.51	0
55.52	0
55.53	0
55.54	0
55.55	0
55.56	0
55.57	0
55.58	0
55.59	0
55.6	0
55.61	0
55.62	0
55.63	0
55.64	0
55.65	0
55.66	0
55.67	0
55.68	0
55.69	0
55.7	0
55.71	0
55.72	0
55.73	0
55.74	0
55.75	0
55.76	0
55.77	0
55.78	0
55.79	0
55.8	0
55.81	0
55.82	0
55.83	0
55.84	0
55.85	0
55.86	0
55.87	0
55.88	0
55.89	0
55.9	0
55.91	0
55.92	0
55.93	0
55.94	0
55.95	0
55.96	0
55.97	0
55.98	0
55.99	0
56	0
56.01	0
56.02	0
56.03	0
56.04	0
56.05	0
56.06	0
56.07	0
56.08	0
56.09	0
56.1	0
56.11	0
56.12	0
56.13	0
56.14	0
56.15	0
56.16	0
56.17	0
56.18	0
56.19	0
56.2	0
56.21	0
56.22	0
56.23	0
56.24	0
56.25	0
56.26	0
56.27	0
56.28	0
56.29	0
56.3	0
56.31	0
56.32	0
56.33	0
56.34	0
56.35	0
56.36	0
56.37	0
56.38	0
56.39	0
56.4	1
56.41	0
56.42	0
56.43	0
56.44	0
56.45	0
56.46	0
56.47	0
56.48	0
56.49	0
56.5	0
56.51	0
56.52	0
56.53	0
56.54	0
56.55	0
56.56	0
56.57	0
56.58	0
56.59	0
56.6	0
56.61	0
56.62	0
56.63	0
56.64	0
56.65	0
56.66	0
56.67	0
56.68	0
56.69	0
56.7	0
56.71	0
56.72	0
56.73	0
56.74	0
56.75	0
56.76	0
56.77	0
56.78	0
56.79	1
56.8	0
56.81	0
56.82	0
56.83	0
56.84	0
56.85	0
56.86	0
56.87	0
56.88	0
56.89	0
56.9	0
56.91	0
56.92	0
56.93	0
56.94	0
56.95	0
56.96	0
56.97	0
56.98	0
56.99	0
57	0
57.01	0
57.02	0
57.03	0
57.04	0
57.05	0
57.06	0
57.07	0
57.08	0
57.09	0
57.1	0
57.11	0
57.12	0
57.13	0
57.14	0
57.15	0
57.16	0
57.17	0
57.18	1
57.19	0
57.2	0
57.21	0
57.22	0
57.23	0
57.24	0
57.25	0
57.26	0
57.27	0
57.28	0
57.29	0
57.3	0
57.31	0
57.32	0
57.33	0
57.34	0
57.35	0
57.36	0
57.37	0
57.38	0
57.39	0
57.4	0
57.41	0
57.42	0
57.43	1
57.44	0
57.45	0
57.46	0
57.47	0
57.48	0
57.49	0
57.5	0
57.51	0
57.52	0
57.53	0
57.54	0
57.55	0
57.56	0
57.57	0
57.58	0
57.59	0
57.6	0
57.61	0
57.62	0
57.63	0
57.64	0
57.65	0
57.66	0
57.67	0
57.68	0
57.69	0
57.7	0
57.71	0
57.72	0
57.73	0
57.74	0
57.75	0
57.76	0
57.77	0
57.78	0
57.79	0
57.8	0
57.81	0
57.82	0
57.83	0
57.84	0
57.85	0
57.86	0
57.87	0
57.88	0
57.89	0
57.9	0
57.91	0
57.92	0
57.93	0
57.94	0
57.95	0
57.96	0
57.97	0
57.98	0
57.99	0
58	0
58.01	0
58.02	0
58.03	0
58.04	0
58.05	0
58.06	0
58.07	0
58.08	0
58.09	0
58.1	0
58.11	0
58.12	0
58.13	0
58.14	0
58.15	0
58.16	0
58.17	0
58.18	0
58.19	0
58.2	0
58.21	0
58.22	0
58.23	0
58.24	0
58.25	0
58.26	0
58.27	0
58.28	0
58.29	0
58.3	0
58.31	0
58.32	0
58.33	0
58.34	0
58.35	0
58.36	0
58.37	0
58.38	0
58.39	0
58.4	0
58.41	0
58.42	0
58.43	0
58.44	0
58.45	0
58.46	0
58.47	0
58.48	0
58.49	0
58.5	0
58.51	0
58.52	0
58.53	0
58.54	0
58.55	0
58.56	0
58.57	0
58.58	0
58.59	0
58.6	0
58.61	0
58.62	0
58.63	1
58.64	0
58.65	0
58.66	0
58.67	0
58.68	0
58.69	0
58.7	0
58.71	0
58.72	0
58.73	0
58.74	0
58.75	0
58.76	1
58.77	0
58.78	0
58.79	0
58.8	0
58.81	0
58.82	0
58.83	0
58.84	0
58.85	0
58.86	0
58.87	0
58.88	0
58.89	0
58.9	0
58.91	0
58.92	0
58.93	0
58.94	0
58.95	0
58.96	0
58.97	0
58.98	0
58.99	0
59	0
59.01	1
59.02	0
59.03	0
59.04	0
59.05	0
59.06	0
59.07	0
59.08	0
59.09	0
59.1	0
59.11	0
59.12	0
59.13	0
59.14	0
59.15	0
59.16	0
59.17	0
59.18	0
59.19	0
59.2	0
59.21	0
59.22	0
59.23	0
59.24	0
59.25	0
59.26	0
59.27	0
59.28	0
59.29	0
59.3	0
59.31	0
59.32	0
59.33	0
59.34	0
59.35	0
59.36	0
59.37	0
59.38	0
59.39	0
59.4	0
59.41	0
59.42	0
59.43	0
59.44	0
59.45	0
59.46	0
59.47	0
59.48	0
59.49	0
59.5	0
59.51	0
59.52	0
59.53	0
59.54	0
59.55	0
59.56	0
59.57	0
59.58	0
59.59	0
59.6	0
59.61	0
59.62	0
59.63	0
59.64	0
59.65	0
59.66	0
59.67	0
59.68	0
59.69	0
59.7	0
59.71	0
59.72	0
59.73	0
59.74	0
59.75	0
59.76	0
59.77	0
59.78	0
59.79	0
59.8	0
59.81	0
59.82	0
59.83	0
59.84	0
59.85	0
59.86	0
59.87	0
59.88	0
59.89	0
59.9	0
59.91	0
59.92	0
59.93	0
59.94	0
59.95	0
59.96	0
59.97	0
59.98	0
59.99	0
60	0
60.01	1
60.02	0
60.03	0
60.04	0
60.05	0
60.06	0
60.07	0
60.08	0
60.09	0
60.1	0
60.11	0
60.12	0
60.13	0
60.14	0
60.15	0
60.16	0
60.17	0
60.18	0
60.19	0
60.2	0
60.21	0
60.22	0
60.23	0
60.24	0
60.25	0
60.26	0
60.27	0
60.28	0
60.29	0
60.3	0
60.31	0
60.32	0
60.33	0
60.34	0
60.35	0
60.36	0
60.37	0
60.38	0
60.39	0
60.4	0
60.41	0
60.42	0
60.43	0
60.44	0
60.45	0
60.46	0
60.47	0
60.48	0
60.49	0
60.5	0
60.51	0
60.52	0
60.53	0
60.54	0
60.55	0
60.56	0
60.57	0
60.58	0
60.59	0
60.6	0
60.61	0
60.62	0
60.63	0
60.64	0
60.65	0
60.66	0
60.67	0
60.68	0
60.69	0
60.7	0
60.71	0
60.72	0
60.73	0
60.74	0
60.75	0
60.76	0
60.77	0
60.78	0
60.79	0
60.8	0
60.81	0
60.82	1
60.83	0
60.84	0
60.85	0
60.86	0
60.87	0
60.88	0
60.89	0
60.9	0
60.91	0
60.92	0
60.93	0
60.94	0
60.95	0
60.96	0
60.97	0
60.98	0
60.99	0
61	0
61.01	0
61.02	0
61.03	0
61.04	0
61.05	0
61.06	0
61.07	0
61.08	0
61.09	0
61.1	0
61.11	0
61.12	0
61.13	0
61.14	0
61.15	0
61.16	0
61.17	0
61.18	0
61.19	0
61.2	0
61.21	0
61.22	0
61.23	0
61.24	0
61.25	0
61.26	0
61.27	1
