Height/arb.u.	Counts
0	0
0.01	0
0.02	0
0.03	0
0.04	0
0.05	0
0.06	0
0.07	0
0.08	0
0.09	0
0.1	0
0.11	0
0.12	0
0.13	0
0.14	0
0.15	0
0.16	0
0.17	0
0.18	0
0.19	0
0.2	0
0.21	0
0.22	0
0.23	0
0.24	0
0.25	0
0.26	0
0.27	0
0.28	0
0.29	0
0.3	0
0.31	0
0.32	0
0.33	0
0.34	0
0.35	0
0.36	0
0.37	0
0.38	0
0.39	0
0.4	0
0.41	0
0.42	0
0.43	0
0.44	0
0.45	0
0.46	0
0.47	0
0.48	0
0.49	0
0.5	0
0.51	0
0.52	0
0.53	0
0.54	0
0.55	0
0.56	0
0.57	0
0.58	0
0.59	0
0.6	0
0.61	0
0.62	0
0.63	0
0.64	0
0.65	0
0.66	0
0.67	0
0.68	0
0.69	0
0.7	0
0.71	0
0.72	0
0.73	0
0.74	0
0.75	0
0.76	0
0.77	0
0.78	0
0.79	0
0.8	0
0.81	0
0.82	0
0.83	0
0.84	0
0.85	0
0.86	0
0.87	0
0.88	0
0.89	0
0.9	0
0.91	0
0.92	0
0.93	0
0.94	0
0.95	0
0.96	0
0.97	0
0.98	0
0.99	0
1	611
1.01	615
1.02	597
1.03	592
1.04	598
1.05	653
1.06	623
1.07	598
1.08	651
1.09	603
1.1	581
1.11	660
1.12	626
1.13	585
1.14	673
1.15	594
1.16	613
1.17	660
1.18	663
1.19	684
1.2	646
1.21	688
1.22	667
1.23	685
1.24	725
1.25	722
1.26	743
1.27	733
1.28	748
1.29	763
1.3	760
1.31	794
1.32	819
1.33	817
1.34	851
1.35	845
1.36	815
1.37	903
1.38	853
1.39	894
1.4	956
1.41	990
1.42	992
1.43	966
1.44	953
1.45	991
1.46	977
1.47	1023
1.48	1018
1.49	1054
1.5	1066
1.51	959
1.52	988
1.53	1025
1.54	1032
1.55	964
1.56	1032
1.57	1062
1.58	1029
1.59	1061
1.6	1052
1.61	1080
1.62	1030
1.63	1052
1.64	1083
1.65	1086
1.66	1120
1.67	1121
1.68	1125
1.69	1093
1.7	1151
1.71	1167
1.72	1109
1.73	1216
1.74	1110
1.75	1204
1.76	1177
1.77	1197
1.78	1269
1.79	1221
1.8	1234
1.81	1267
1.82	1310
1.83	1348
1.84	1326
1.85	1338
1.86	1350
1.87	1384
1.88	1374
1.89	1311
1.9	1357
1.91	1428
1.92	1469
1.93	1419
1.94	1436
1.95	1449
1.96	1462
1.97	1433
1.98	1531
1.99	1611
2	1598
2.01	1673
2.02	1615
2.03	1589
2.04	1683
2.05	1668
2.06	1675
2.07	1752
2.08	1790
2.09	1761
2.1	1785
2.11	1874
2.12	1857
2.13	1987
2.14	1991
2.15	1998
2.16	2063
2.17	2098
2.18	2072
2.19	2103
2.2	2118
2.21	2208
2.22	2130
2.23	2116
2.24	2059
2.25	2130
2.26	2187
2.27	2288
2.28	2278
2.29	2275
2.3	2368
2.31	2373
2.32	2264
2.33	2378
2.34	2413
2.35	2506
2.36	2351
2.37	2372
2.38	2426
2.39	2428
2.4	2531
2.41	2450
2.42	2371
2.43	2292
2.44	2300
2.45	2351
2.46	2365
2.47	2357
2.48	2300
2.49	2271
2.5	2330
2.51	2314
2.52	2268
2.53	2242
2.54	2236
2.55	2256
2.56	2162
2.57	2187
2.58	2099
2.59	2175
2.6	2133
2.61	2051
2.62	2133
2.63	2077
2.64	2040
2.65	2136
2.66	2113
2.67	1968
2.68	2103
2.69	2003
2.7	2027
2.71	2005
2.72	1972
2.73	2011
2.74	2042
2.75	2007
2.76	1954
2.77	1987
2.78	1971
2.79	1968
2.8	1960
2.81	1927
2.82	1921
2.83	1774
2.84	1874
2.85	1812
2.86	1903
2.87	1831
2.88	1856
2.89	1881
2.9	1845
2.91	1889
2.92	1891
2.93	1758
2.94	1834
2.95	1823
2.96	1826
2.97	1886
2.98	1845
2.99	1847
3	1882
3.01	1827
3.02	1799
3.03	1820
3.04	1749
3.05	1793
3.06	1836
3.07	1798
3.08	1824
3.09	1748
3.1	1760
3.11	1803
3.12	1825
3.13	1789
3.14	1710
3.15	1737
3.16	1806
3.17	1728
3.18	1736
3.19	1771
3.2	1730
3.21	1679
3.22	1826
3.23	1777
3.24	1793
3.25	1776
3.26	1731
3.27	1670
3.28	1772
3.29	1783
3.3	1658
3.31	1740
3.32	1725
3.33	1634
3.34	1680
3.35	1706
3.36	1715
3.37	1704
3.38	1696
3.39	1671
3.4	1762
3.41	1726
3.42	1682
3.43	1656
3.44	1661
3.45	1646
3.46	1637
3.47	1650
3.48	1647
3.49	1677
3.5	1637
3.51	1634
3.52	1626
3.53	1606
3.54	1628
3.55	1643
3.56	1602
3.57	1668
3.58	1577
3.59	1566
3.6	1625
3.61	1568
3.62	1646
3.63	1653
3.64	1562
3.65	1628
3.66	1583
3.67	1575
3.68	1493
3.69	1701
3.7	1629
3.71	1537
3.72	1633
3.73	1520
3.74	1590
3.75	1589
3.76	1522
3.77	1465
3.78	1541
3.79	1528
3.8	1559
3.81	1547
3.82	1544
3.83	1585
3.84	1496
3.85	1506
3.86	1483
3.87	1468
3.88	1578
3.89	1527
3.9	1541
3.91	1493
3.92	1572
3.93	1511
3.94	1549
3.95	1535
3.96	1463
3.97	1442
3.98	1490
3.99	1473
4	1470
4.01	1490
4.02	1471
4.03	1451
4.04	1510
4.05	1449
4.06	1447
4.07	1395
4.08	1374
4.09	1422
4.1	1458
4.11	1358
4.12	1375
4.13	1451
4.14	1447
4.15	1428
4.16	1351
4.17	1421
4.18	1373
4.19	1310
4.2	1413
4.21	1344
4.22	1303
4.23	1400
4.24	1361
4.25	1366
4.26	1300
4.27	1348
4.28	1271
4.29	1327
4.3	1330
4.31	1308
4.32	1330
4.33	1336
4.34	1276
4.35	1380
4.36	1289
4.37	1287
4.38	1340
4.39	1273
4.4	1214
4.41	1253
4.42	1287
4.43	1257
4.44	1299
4.45	1258
4.46	1278
4.47	1271
4.48	1251
4.49	1269
4.5	1258
4.51	1262
4.52	1267
4.53	1224
4.54	1222
4.55	1215
4.56	1164
4.57	1167
4.58	1262
4.59	1234
4.6	1272
4.61	1211
4.62	1225
4.63	1246
4.64	1227
4.65	1178
4.66	1257
4.67	1233
4.68	1215
4.69	1201
4.7	1152
4.71	1145
4.72	1122
4.73	1203
4.74	1157
4.75	1137
4.76	1136
4.77	1158
4.78	1148
4.79	1115
4.8	1187
4.81	1123
4.82	1125
4.83	1178
4.84	1137
4.85	1214
4.86	1188
4.87	1105
4.88	1130
4.89	1139
4.9	1125
4.91	1111
4.92	1067
4.93	1123
4.94	1161
4.95	1182
4.96	1119
4.97	1097
4.98	1157
4.99	1107
5	1102
5.01	1131
5.02	1114
5.03	1186
5.04	1164
5.05	1080
5.06	1074
5.07	1096
5.08	1033
5.09	1044
5.1	1072
5.11	1094
5.12	1065
5.13	1142
5.14	1077
5.15	1114
5.16	1154
5.17	1101
5.18	1128
5.19	1084
5.2	1092
5.21	1087
5.22	1103
5.23	1092
5.24	1021
5.25	1047
5.26	1034
5.27	994
5.28	1133
5.29	1078
5.3	1004
5.31	1010
5.32	1007
5.33	1059
5.34	1038
5.35	983
5.36	998
5.37	958
5.38	986
5.39	988
5.4	1062
5.41	974
5.42	983
5.43	978
5.44	947
5.45	946
5.46	897
5.47	959
5.48	931
5.49	965
5.5	931
5.51	897
5.52	939
5.53	888
5.54	868
5.55	947
5.56	903
5.57	861
5.58	881
5.59	842
5.6	881
5.61	890
5.62	867
5.63	830
5.64	837
5.65	814
5.66	807
5.67	866
5.68	824
5.69	816
5.7	827
5.71	803
5.72	784
5.73	825
5.74	805
5.75	813
5.76	819
5.77	790
5.78	791
5.79	812
5.8	799
5.81	806
5.82	753
5.83	746
5.84	738
5.85	719
5.86	802
5.87	748
5.88	753
5.89	723
5.9	751
5.91	751
5.92	802
5.93	777
5.94	701
5.95	799
5.96	750
5.97	733
5.98	712
5.99	760
6	740
6.01	746
6.02	697
6.03	684
6.04	774
6.05	717
6.06	699
6.07	737
6.08	653
6.09	672
6.1	729
6.11	681
6.12	709
6.13	659
6.14	716
6.15	718
6.16	728
6.17	691
6.18	680
6.19	682
6.2	723
6.21	714
6.22	697
6.23	703
6.24	660
6.25	686
6.26	684
6.27	711
6.28	698
6.29	643
6.3	682
6.31	703
6.32	669
6.33	638
6.34	683
6.35	700
6.36	696
6.37	613
6.38	633
6.39	663
6.4	700
6.41	647
6.42	681
6.43	637
6.44	663
6.45	660
6.46	624
6.47	633
6.48	674
6.49	662
6.5	626
6.51	663
6.52	623
6.53	634
6.54	664
6.55	623
6.56	668
6.57	655
6.58	626
6.59	628
6.6	557
6.61	591
6.62	618
6.63	614
6.64	593
6.65	577
6.66	577
6.67	565
6.68	590
6.69	622
6.7	606
6.71	587
6.72	601
6.73	571
6.74	585
6.75	587
6.76	610
6.77	569
6.78	552
6.79	576
6.8	559
6.81	541
6.82	570
6.83	540
6.84	496
6.85	537
6.86	482
6.87	541
6.88	568
6.89	571
6.9	555
6.91	537
6.92	544
6.93	538
6.94	519
6.95	537
6.96	492
6.97	522
6.98	524
6.99	502
7	515
7.01	547
7.02	476
7.03	529
7.04	481
7.05	477
7.06	467
7.07	518
7.08	485
7.09	492
7.1	476
7.11	443
7.12	480
7.13	485
7.14	490
7.15	451
7.16	474
7.17	526
7.18	509
7.19	464
7.2	447
7.21	486
7.22	474
7.23	469
7.24	474
7.25	465
7.26	491
7.27	476
7.28	465
7.29	482
7.3	469
7.31	457
7.32	458
7.33	453
7.34	475
7.35	429
7.36	477
7.37	472
7.38	460
7.39	452
7.4	484
7.41	461
7.42	483
7.43	449
7.44	472
7.45	434
7.46	430
7.47	468
7.48	467
7.49	413
7.5	458
7.51	525
7.52	480
7.53	486
7.54	483
7.55	409
7.56	468
7.57	463
7.58	448
7.59	455
7.6	432
7.61	464
7.62	464
7.63	413
7.64	456
7.65	404
7.66	446
7.67	450
7.68	428
7.69	458
7.7	442
7.71	454
7.72	437
7.73	422
7.74	462
7.75	460
7.76	459
7.77	447
7.78	463
7.79	485
7.8	493
7.81	449
7.82	461
7.83	486
7.84	448
7.85	431
7.86	455
7.87	424
7.88	438
7.89	430
7.9	477
7.91	428
7.92	481
7.93	477
7.94	427
7.95	445
7.96	418
7.97	427
7.98	410
7.99	429
8	396
8.01	440
8.02	417
8.03	399
8.04	444
8.05	426
8.06	406
8.07	429
8.08	410
8.09	378
8.1	435
8.11	426
8.12	415
8.13	407
8.14	412
8.15	424
8.16	383
8.17	443
8.18	407
8.19	405
8.2	368
8.21	440
8.22	385
8.23	379
8.24	387
8.25	401
8.26	418
8.27	400
8.28	364
8.29	407
8.3	406
8.31	366
8.32	404
8.33	406
8.34	390
8.35	427
8.36	369
8.37	384
8.38	390
8.39	370
8.4	392
8.41	382
8.42	395
8.43	361
8.44	405
8.45	373
8.46	370
8.47	368
8.48	388
8.49	367
8.5	377
8.51	361
8.52	370
8.53	361
8.54	361
8.55	381
8.56	348
8.57	358
8.58	397
8.59	397
8.6	377
8.61	393
8.62	362
8.63	359
8.64	376
8.65	375
8.66	379
8.67	345
8.68	389
8.69	399
8.7	360
8.71	404
8.72	389
8.73	397
8.74	420
8.75	383
8.76	402
8.77	352
8.78	334
8.79	371
8.8	406
8.81	357
8.82	401
8.83	392
8.84	376
8.85	406
8.86	370
8.87	365
8.88	386
8.89	370
8.9	380
8.91	384
8.92	368
8.93	383
8.94	387
8.95	372
8.96	379
8.97	357
8.98	390
8.99	370
9	397
9.01	359
9.02	358
9.03	359
9.04	384
9.05	355
9.06	369
9.07	351
9.08	394
9.09	378
9.1	404
9.11	381
9.12	363
9.13	374
9.14	374
9.15	368
9.16	349
9.17	376
9.18	391
9.19	359
9.2	353
9.21	393
9.22	357
9.23	349
9.24	357
9.25	349
9.26	390
9.27	345
9.28	380
9.29	361
9.3	346
9.31	358
9.32	322
9.33	366
9.34	367
9.35	364
9.36	355
9.37	339
9.38	348
9.39	356
9.4	337
9.41	329
9.42	367
9.43	328
9.44	302
9.45	299
9.46	319
9.47	307
9.48	318
9.49	318
9.5	311
9.51	334
9.52	273
9.53	306
9.54	304
9.55	250
9.56	311
9.57	286
9.58	301
9.59	291
9.6	281
9.61	294
9.62	292
9.63	265
9.64	276
9.65	281
9.66	253
9.67	248
9.68	267
9.69	259
9.7	261
9.71	238
9.72	273
9.73	265
9.74	252
9.75	233
9.76	214
9.77	250
9.78	259
9.79	224
9.8	239
9.81	241
9.82	212
9.83	205
9.84	206
9.85	199
9.86	206
9.87	236
9.88	212
9.89	211
9.9	221
9.91	221
9.92	196
9.93	232
9.94	195
9.95	208
9.96	164
9.97	188
9.98	194
9.99	179
10	199
10.01	205
10.02	194
10.03	200
10.04	166
10.05	171
10.06	195
10.07	195
10.08	193
10.09	177
10.1	185
10.11	177
10.12	160
10.13	212
10.14	156
10.15	193
10.16	173
10.17	185
10.18	188
10.19	156
10.2	180
10.21	180
10.22	139
10.23	176
10.24	149
10.25	145
10.26	158
10.27	148
10.28	182
10.29	159
10.3	141
10.31	168
10.32	174
10.33	157
10.34	149
10.35	176
10.36	180
10.37	141
10.38	155
10.39	149
10.4	150
10.41	150
10.42	145
10.43	178
10.44	143
10.45	153
10.46	136
10.47	136
10.48	145
10.49	152
10.5	132
10.51	147
10.52	136
10.53	138
10.54	146
10.55	130
10.56	153
10.57	135
10.58	148
10.59	152
10.6	164
10.61	154
10.62	135
10.63	170
10.64	147
10.65	152
10.66	157
10.67	149
10.68	142
10.69	136
10.7	133
10.71	153
10.72	137
10.73	123
10.74	161
10.75	144
10.76	143
10.77	132
10.78	129
10.79	148
10.8	135
10.81	135
10.82	116
10.83	137
10.84	132
10.85	132
10.86	148
10.87	146
10.88	132
10.89	155
10.9	138
10.91	145
10.92	106
10.93	122
10.94	123
10.95	136
10.96	121
10.97	140
10.98	129
10.99	115
11	150
11.01	117
11.02	139
11.03	118
11.04	127
11.05	116
11.06	109
11.07	135
11.08	99
11.09	118
11.1	137
11.11	120
11.12	124
11.13	121
11.14	143
11.15	130
11.16	116
11.17	119
11.18	128
11.19	104
11.2	122
11.21	117
11.22	113
11.23	121
11.24	112
11.25	121
11.26	117
11.27	123
11.28	124
11.29	145
11.3	131
11.31	141
11.32	117
11.33	110
11.34	103
11.35	98
11.36	134
11.37	104
11.38	114
11.39	111
11.4	120
11.41	132
11.42	110
11.43	102
11.44	124
11.45	108
11.46	128
11.47	125
11.48	132
11.49	140
11.5	115
11.51	136
11.52	104
11.53	111
11.54	113
11.55	114
11.56	119
11.57	97
11.58	114
11.59	119
11.6	109
11.61	100
11.62	105
11.63	121
11.64	115
11.65	110
11.66	97
11.67	110
11.68	127
11.69	126
11.7	119
11.71	108
11.72	107
11.73	97
11.74	105
11.75	111
11.76	106
11.77	96
11.78	125
11.79	116
11.8	115
11.81	115
11.82	118
11.83	111
11.84	116
11.85	116
11.86	113
11.87	90
11.88	94
11.89	87
11.9	107
11.91	109
11.92	109
11.93	98
11.94	117
11.95	96
11.96	114
11.97	101
11.98	92
11.99	115
12	131
12.01	99
12.02	114
12.03	113
12.04	102
12.05	114
12.06	105
12.07	125
12.08	112
12.09	112
12.1	97
12.11	105
12.12	111
12.13	103
12.14	94
12.15	105
12.16	101
12.17	84
12.18	104
12.19	103
12.2	110
12.21	104
12.22	113
12.23	102
12.24	107
12.25	93
12.26	97
12.27	105
12.28	93
12.29	91
12.3	111
12.31	121
12.32	92
12.33	115
12.34	104
12.35	116
12.36	114
12.37	109
12.38	95
12.39	110
12.4	98
12.41	108
12.42	90
12.43	98
12.44	104
12.45	114
12.46	92
12.47	106
12.48	111
12.49	113
12.5	90
12.51	82
12.52	108
12.53	106
12.54	96
12.55	97
12.56	110
12.57	107
12.58	101
12.59	105
12.6	88
12.61	95
12.62	116
12.63	95
12.64	119
12.65	100
12.66	113
12.67	96
12.68	92
12.69	118
12.7	92
12.71	89
12.72	87
12.73	106
12.74	112
12.75	97
12.76	116
12.77	107
12.78	106
12.79	98
12.8	89
12.81	116
12.82	99
12.83	89
12.84	103
12.85	96
12.86	101
12.87	92
12.88	99
12.89	112
12.9	106
12.91	101
12.92	115
12.93	102
12.94	110
12.95	84
12.96	82
12.97	120
12.98	92
12.99	105
13	108
13.01	83
13.02	118
13.03	102
13.04	108
13.05	111
13.06	95
13.07	124
13.08	119
13.09	118
13.1	98
13.11	88
13.12	118
13.13	121
13.14	98
13.15	105
13.16	116
13.17	101
13.18	97
13.19	104
13.2	100
13.21	103
13.22	108
13.23	105
13.24	98
13.25	111
13.26	117
13.27	104
13.28	98
13.29	123
13.3	122
13.31	108
13.32	91
13.33	102
13.34	112
13.35	113
13.36	101
13.37	119
13.38	117
13.39	103
13.4	111
13.41	111
13.42	113
13.43	105
13.44	101
13.45	133
13.46	98
13.47	120
13.48	128
13.49	108
13.5	117
13.51	116
13.52	138
13.53	104
13.54	89
13.55	117
13.56	103
13.57	110
13.58	129
13.59	114
13.6	115
13.61	101
13.62	125
13.63	111
13.64	131
13.65	148
13.66	117
13.67	158
13.68	128
13.69	130
13.7	121
13.71	135
13.72	127
13.73	121
13.74	131
13.75	131
13.76	124
13.77	136
13.78	111
13.79	130
13.8	123
13.81	121
13.82	125
13.83	136
13.84	94
13.85	136
13.86	131
13.87	129
13.88	141
13.89	114
13.9	136
13.91	118
13.92	117
13.93	146
13.94	142
13.95	126
13.96	117
13.97	121
13.98	142
13.99	130
14	141
14.01	131
14.02	135
14.03	157
14.04	130
14.05	136
14.06	127
14.07	137
14.08	142
14.09	131
14.1	132
14.11	131
14.12	141
14.13	139
14.14	138
14.15	110
14.16	130
14.17	152
14.18	146
14.19	121
14.2	157
14.21	131
14.22	136
14.23	110
14.24	130
14.25	120
14.26	113
14.27	149
14.28	122
14.29	127
14.3	118
14.31	119
14.32	128
14.33	121
14.34	127
14.35	142
14.36	128
14.37	119
14.38	114
14.39	146
14.4	142
14.41	116
14.42	137
14.43	131
14.44	121
14.45	144
14.46	124
14.47	124
14.48	130
14.49	112
14.5	134
14.51	132
14.52	147
14.53	153
14.54	138
14.55	139
14.56	136
14.57	142
14.58	145
14.59	130
14.6	137
14.61	111
14.62	133
14.63	137
14.64	120
14.65	127
14.66	114
14.67	127
14.68	135
14.69	126
14.7	111
14.71	108
14.72	141
14.73	123
14.74	150
14.75	141
14.76	128
14.77	116
14.78	128
14.79	134
14.8	135
14.81	129
14.82	139
14.83	114
14.84	115
14.85	104
14.86	148
14.87	121
14.88	114
14.89	120
14.9	135
14.91	110
14.92	104
14.93	109
14.94	95
14.95	111
14.96	115
14.97	118
14.98	97
14.99	94
15	113
15.01	98
15.02	124
15.03	93
15.04	108
15.05	104
15.06	89
15.07	87
15.08	107
15.09	114
15.1	87
15.11	101
15.12	73
15.13	92
15.14	103
15.15	95
15.16	106
15.17	98
15.18	109
15.19	76
15.2	82
15.21	102
15.22	102
15.23	101
15.24	101
15.25	98
15.26	89
15.27	82
15.28	82
15.29	79
15.3	79
15.31	93
15.32	99
15.33	92
15.34	79
15.35	86
15.36	87
15.37	82
15.38	83
15.39	92
15.4	92
15.41	88
15.42	90
15.43	56
15.44	64
15.45	68
15.46	76
15.47	80
15.48	84
15.49	84
15.5	78
15.51	82
15.52	64
15.53	83
15.54	78
15.55	63
15.56	80
15.57	81
15.58	71
15.59	68
15.6	70
15.61	68
15.62	75
15.63	80
15.64	65
15.65	58
15.66	76
15.67	81
15.68	69
15.69	66
15.7	76
15.71	74
15.72	63
15.73	67
15.74	70
15.75	63
15.76	60
15.77	72
15.78	65
15.79	50
15.8	66
15.81	70
15.82	64
15.83	74
15.84	63
15.85	55
15.86	71
15.87	63
15.88	71
15.89	58
15.9	66
15.91	66
15.92	68
15.93	77
15.94	69
15.95	63
15.96	76
15.97	60
15.98	76
15.99	53
16	59
16.01	57
16.02	64
16.03	67
16.04	60
16.05	70
16.06	62
16.07	56
16.08	52
16.09	66
16.1	64
16.11	73
16.12	65
16.13	72
16.14	65
16.15	68
16.16	69
16.17	71
16.18	75
16.19	75
16.2	60
16.21	70
16.22	70
16.23	69
16.24	70
16.25	64
16.26	65
16.27	59
16.28	63
16.29	55
16.3	44
16.31	60
16.32	51
16.33	71
16.34	64
16.35	59
16.36	64
16.37	60
16.38	68
16.39	54
16.4	72
16.41	68
16.42	63
16.43	65
16.44	59
16.45	68
16.46	55
16.47	56
16.48	48
16.49	64
16.5	70
16.51	75
16.52	61
16.53	64
16.54	64
16.55	56
16.56	60
16.57	75
16.58	56
16.59	48
16.6	50
16.61	53
16.62	48
16.63	59
16.64	61
16.65	57
16.66	65
16.67	67
16.68	54
16.69	60
16.7	74
16.71	51
16.72	69
16.73	67
16.74	58
16.75	56
16.76	57
16.77	71
16.78	76
16.79	62
16.8	62
16.81	59
16.82	62
16.83	72
16.84	65
16.85	59
16.86	59
16.87	56
16.88	47
16.89	56
16.9	68
16.91	55
16.92	66
16.93	53
16.94	57
16.95	69
16.96	63
16.97	52
16.98	65
16.99	58
17	59
17.01	56
17.02	59
17.03	65
17.04	58
17.05	47
17.06	52
17.07	49
17.08	67
17.09	62
17.1	51
17.11	70
17.12	67
17.13	52
17.14	59
17.15	69
17.16	75
17.17	64
17.18	51
17.19	60
17.2	47
17.21	66
17.22	67
17.23	71
17.24	54
17.25	61
17.26	55
17.27	62
17.28	66
17.29	62
17.3	51
17.31	52
17.32	56
17.33	59
17.34	63
17.35	65
17.36	49
17.37	57
17.38	42
17.39	50
17.4	54
17.41	58
17.42	52
17.43	74
17.44	65
17.45	66
17.46	50
17.47	55
17.48	68
17.49	63
17.5	56
17.51	50
17.52	59
17.53	58
17.54	49
17.55	50
17.56	54
17.57	58
17.58	73
17.59	45
17.6	40
17.61	60
17.62	78
17.63	57
17.64	70
17.65	60
17.66	52
17.67	70
17.68	60
17.69	59
17.7	63
17.71	57
17.72	59
17.73	51
17.74	39
17.75	65
17.76	58
17.77	68
17.78	75
17.79	61
17.8	58
17.81	62
17.82	49
17.83	53
17.84	58
17.85	62
17.86	59
17.87	37
17.88	51
17.89	68
17.9	68
17.91	54
17.92	37
17.93	52
17.94	48
17.95	63
17.96	55
17.97	54
17.98	61
17.99	51
18	74
18.01	45
18.02	63
18.03	56
18.04	49
18.05	53
18.06	41
18.07	47
18.08	63
18.09	60
18.1	67
18.11	63
18.12	61
18.13	57
18.14	50
18.15	65
18.16	54
18.17	58
18.18	62
18.19	46
18.2	44
18.21	46
18.22	38
18.23	48
18.24	56
18.25	55
18.26	53
18.27	64
18.28	58
18.29	63
18.3	38
18.31	59
18.32	47
18.33	57
18.34	53
18.35	60
18.36	75
18.37	45
18.38	51
18.39	50
18.4	53
18.41	50
18.42	67
18.43	39
18.44	59
18.45	41
18.46	48
18.47	59
18.48	54
18.49	48
18.5	46
18.51	51
18.52	51
18.53	55
18.54	47
18.55	47
18.56	48
18.57	56
18.58	59
18.59	48
18.6	52
18.61	44
18.62	66
18.63	57
18.64	48
18.65	54
18.66	44
18.67	46
18.68	57
18.69	69
18.7	45
18.71	55
18.72	45
18.73	45
18.74	52
18.75	60
18.76	52
18.77	51
18.78	46
18.79	49
18.8	42
18.81	48
18.82	61
18.83	50
18.84	68
18.85	60
18.86	62
18.87	50
18.88	56
18.89	52
18.9	43
18.91	40
18.92	45
18.93	47
18.94	51
18.95	38
18.96	56
18.97	40
18.98	43
18.99	39
19	52
19.01	41
19.02	44
19.03	61
19.04	49
19.05	58
19.06	47
19.07	60
19.08	56
19.09	46
19.1	54
19.11	27
19.12	49
19.13	39
19.14	53
19.15	32
19.16	42
19.17	50
19.18	47
19.19	65
19.2	53
19.21	57
19.22	53
19.23	50
19.24	63
19.25	46
19.26	50
19.27	58
19.28	47
19.29	51
19.3	59
19.31	54
19.32	37
19.33	37
19.34	48
19.35	49
19.36	47
19.37	57
19.38	57
19.39	42
19.4	45
19.41	61
19.42	43
19.43	64
19.44	54
19.45	43
19.46	52
19.47	45
19.48	39
19.49	48
19.5	51
19.51	43
19.52	59
19.53	47
19.54	51
19.55	46
19.56	47
19.57	62
19.58	53
19.59	41
19.6	50
19.61	48
19.62	50
19.63	51
19.64	50
19.65	51
19.66	41
19.67	69
19.68	42
19.69	40
19.7	41
19.71	47
19.72	52
19.73	44
19.74	63
19.75	38
19.76	42
19.77	39
19.78	41
19.79	56
19.8	61
19.81	65
19.82	48
19.83	55
19.84	45
19.85	37
19.86	46
19.87	54
19.88	40
19.89	57
19.9	47
19.91	51
19.92	40
19.93	47
19.94	53
19.95	37
19.96	50
19.97	44
19.98	41
19.99	48
20	44
20.01	41
20.02	47
20.03	39
20.04	38
20.05	46
20.06	51
20.07	46
20.08	48
20.09	48
20.1	45
20.11	51
20.12	59
20.13	46
20.14	49
20.15	52
20.16	57
20.17	58
20.18	48
20.19	54
20.2	52
20.21	41
20.22	50
20.23	39
20.24	45
20.25	58
20.26	53
20.27	46
20.28	56
20.29	62
20.3	51
20.31	44
20.32	50
20.33	44
20.34	43
20.35	52
20.36	48
20.37	50
20.38	39
20.39	37
20.4	40
20.41	46
20.42	53
20.43	58
20.44	51
20.45	50
20.46	34
20.47	47
20.48	51
20.49	48
20.5	44
20.51	42
20.52	38
20.53	40
20.54	40
20.55	48
20.56	53
20.57	42
20.58	38
20.59	38
20.6	57
20.61	36
20.62	43
20.63	52
20.64	44
20.65	47
20.66	43
20.67	38
20.68	51
20.69	49
20.7	49
20.71	48
20.72	39
20.73	46
20.74	54
20.75	47
20.76	46
20.77	40
20.78	44
20.79	40
20.8	44
20.81	53
20.82	41
20.83	69
20.84	49
20.85	41
20.86	51
20.87	53
20.88	40
20.89	45
20.9	41
20.91	60
20.92	44
20.93	52
20.94	62
20.95	42
20.96	44
20.97	59
20.98	53
20.99	55
21	42
21.01	54
21.02	36
21.03	38
21.04	49
21.05	32
21.06	49
21.07	46
21.08	44
21.09	60
21.1	40
21.11	45
21.12	44
21.13	37
21.14	46
21.15	52
21.16	46
21.17	38
21.18	35
21.19	37
21.2	44
21.21	55
21.22	41
21.23	43
21.24	53
21.25	38
21.26	46
21.27	45
21.28	49
21.29	51
21.3	38
21.31	39
21.32	42
21.33	46
21.34	37
21.35	46
21.36	50
21.37	52
21.38	43
21.39	36
21.4	49
21.41	49
21.42	48
21.43	47
21.44	44
21.45	29
21.46	45
21.47	29
21.48	49
21.49	55
21.5	52
21.51	54
21.52	49
21.53	41
21.54	47
21.55	42
21.56	45
21.57	45
21.58	42
21.59	40
21.6	42
21.61	54
21.62	49
21.63	36
21.64	48
21.65	43
21.66	54
21.67	46
21.68	50
21.69	49
21.7	39
21.71	48
21.72	50
21.73	42
21.74	45
21.75	37
21.76	40
21.77	49
21.78	52
21.79	54
21.8	33
21.81	59
21.82	48
21.83	35
21.84	44
21.85	33
21.86	34
21.87	51
21.88	48
21.89	48
21.9	52
21.91	46
21.92	34
21.93	52
21.94	44
21.95	54
21.96	48
21.97	52
21.98	47
21.99	51
22	55
22.01	41
22.02	41
22.03	42
22.04	46
22.05	40
22.06	41
22.07	41
22.08	49
22.09	40
22.1	38
22.11	45
22.12	47
22.13	46
22.14	35
22.15	46
22.16	43
22.17	49
22.18	47
22.19	54
22.2	53
22.21	37
22.22	39
22.23	48
22.24	48
22.25	53
22.26	41
22.27	51
22.28	46
22.29	46
22.3	53
22.31	41
22.32	47
22.33	61
22.34	52
22.35	42
22.36	45
22.37	40
22.38	32
22.39	44
22.4	58
22.41	56
22.42	63
22.43	55
22.44	49
22.45	49
22.46	61
22.47	40
22.48	48
22.49	41
22.5	48
22.51	50
22.52	39
22.53	52
22.54	51
22.55	41
22.56	52
22.57	46
22.58	42
22.59	42
22.6	48
22.61	39
22.62	55
22.63	46
22.64	49
22.65	52
22.66	41
22.67	52
22.68	41
22.69	48
22.7	42
22.71	51
22.72	32
22.73	47
22.74	61
22.75	48
22.76	46
22.77	60
22.78	46
22.79	54
22.8	53
22.81	52
22.82	51
22.83	39
22.84	35
22.85	45
22.86	49
22.87	42
22.88	46
22.89	43
22.9	42
22.91	46
22.92	39
22.93	41
22.94	50
22.95	54
22.96	55
22.97	56
22.98	43
22.99	49
23	44
23.01	43
23.02	46
23.03	47
23.04	52
23.05	47
23.06	44
23.07	49
23.08	36
23.09	40
23.1	49
23.11	51
23.12	33
23.13	39
23.14	42
23.15	47
23.16	48
23.17	52
23.18	38
23.19	38
23.2	45
23.21	35
23.22	41
23.23	42
23.24	38
23.25	63
23.26	39
23.27	48
23.28	42
23.29	46
23.3	39
23.31	43
23.32	40
23.33	37
23.34	58
23.35	47
23.36	44
23.37	50
23.38	53
23.39	41
23.4	56
23.41	47
23.42	53
23.43	43
23.44	42
23.45	43
23.46	37
23.47	42
23.48	44
23.49	44
23.5	39
23.51	47
23.52	36
23.53	47
23.54	57
23.55	35
23.56	45
23.57	39
23.58	41
23.59	43
23.6	39
23.61	52
23.62	52
23.63	49
23.64	47
23.65	47
23.66	36
23.67	49
23.68	32
23.69	39
23.7	48
23.71	54
23.72	46
23.73	43
23.74	39
23.75	45
23.76	44
23.77	49
23.78	34
23.79	45
23.8	41
23.81	32
23.82	46
23.83	39
23.84	47
23.85	50
23.86	47
23.87	45
23.88	47
23.89	45
23.9	43
23.91	56
23.92	49
23.93	30
23.94	48
23.95	38
23.96	45
23.97	45
23.98	36
23.99	41
24	50
24.01	49
24.02	55
24.03	39
24.04	40
24.05	39
24.06	49
24.07	47
24.08	50
24.09	43
24.1	41
24.11	52
24.12	45
24.13	34
24.14	41
24.15	35
24.16	40
24.17	42
24.18	41
24.19	39
24.2	44
24.21	37
24.22	47
24.23	43
24.24	52
24.25	43
24.26	35
24.27	47
24.28	50
24.29	43
24.3	45
24.31	60
24.32	44
24.33	36
24.34	38
24.35	47
24.36	61
24.37	43
24.38	40
24.39	45
24.4	56
24.41	32
24.42	51
24.43	47
24.44	49
24.45	39
24.46	33
24.47	44
24.48	46
24.49	38
24.5	49
24.51	47
24.52	49
24.53	31
24.54	48
24.55	45
24.56	40
24.57	52
24.58	52
24.59	33
24.6	46
24.61	47
24.62	45
24.63	45
24.64	45
24.65	53
24.66	55
24.67	39
24.68	54
24.69	42
24.7	43
24.71	48
24.72	53
24.73	46
24.74	43
24.75	39
24.76	36
24.77	45
24.78	46
24.79	37
24.8	45
24.81	53
24.82	33
24.83	33
24.84	38
24.85	37
24.86	46
24.87	34
24.88	56
24.89	52
24.9	45
24.91	40
24.92	56
24.93	52
24.94	47
24.95	35
24.96	40
24.97	50
24.98	39
24.99	53
25	59
25.01	50
25.02	40
25.03	50
25.04	52
25.05	44
25.06	37
25.07	46
25.08	51
25.09	46
25.1	41
25.11	41
25.12	37
25.13	45
25.14	41
25.15	35
25.16	46
25.17	43
25.18	41
25.19	50
25.2	33
25.21	48
25.22	49
25.23	43
25.24	49
25.25	33
25.26	55
25.27	48
25.28	44
25.29	39
25.3	48
25.31	39
25.32	42
25.33	47
25.34	41
25.35	33
25.36	35
25.37	31
25.38	44
25.39	50
25.4	44
25.41	57
25.42	56
25.43	46
25.44	33
25.45	42
25.46	48
25.47	49
25.48	43
25.49	47
25.5	49
25.51	58
25.52	38
25.53	51
25.54	43
25.55	58
25.56	54
25.57	44
25.58	39
25.59	47
25.6	50
25.61	47
25.62	43
25.63	60
25.64	57
25.65	39
25.66	53
25.67	40
25.68	55
25.69	47
25.7	54
25.71	46
25.72	41
25.73	48
25.74	42
25.75	60
25.76	64
25.77	45
25.78	60
25.79	42
25.8	45
25.81	51
25.82	53
25.83	44
25.84	48
25.85	49
25.86	36
25.87	64
25.88	39
25.89	49
25.9	29
25.91	52
25.92	51
25.93	58
25.94	46
25.95	49
25.96	48
25.97	51
25.98	59
25.99	52
26	51
26.01	50
26.02	57
26.03	36
26.04	39
26.05	54
26.06	45
26.07	46
26.08	48
26.09	51
26.1	50
26.11	43
26.12	50
26.13	49
26.14	49
26.15	52
26.16	67
26.17	49
26.18	48
26.19	45
26.2	50
26.21	59
26.22	60
26.23	58
26.24	41
26.25	46
26.26	40
26.27	55
26.28	40
26.29	48
26.3	46
26.31	47
26.32	53
26.33	41
26.34	54
26.35	62
26.36	36
26.37	56
26.38	47
26.39	47
26.4	44
26.41	53
26.42	57
26.43	50
26.44	55
26.45	43
26.46	45
26.47	44
26.48	53
26.49	42
26.5	47
26.51	50
26.52	48
26.53	50
26.54	50
26.55	35
26.56	43
26.57	45
26.58	43
26.59	43
26.6	39
26.61	47
26.62	42
26.63	43
26.64	35
26.65	38
26.66	44
26.67	39
26.68	30
26.69	41
26.7	46
26.71	51
26.72	31
26.73	32
26.74	46
26.75	31
26.76	42
26.77	33
26.78	39
26.79	50
26.8	29
26.81	38
26.82	47
26.83	33
26.84	36
26.85	34
26.86	32
26.87	30
26.88	30
26.89	35
26.9	38
26.91	32
26.92	38
26.93	29
26.94	44
26.95	37
26.96	28
26.97	30
26.98	34
26.99	40
27	33
27.01	40
27.02	26
27.03	28
27.04	28
27.05	32
27.06	31
27.07	23
27.08	36
27.09	39
27.1	22
27.11	27
27.12	37
27.13	48
27.14	27
27.15	31
27.16	34
27.17	23
27.18	39
27.19	34
27.2	26
27.21	37
27.22	32
27.23	38
27.24	31
27.25	27
27.26	28
27.27	42
27.28	25
27.29	35
27.3	24
27.31	31
27.32	38
27.33	32
27.34	38
27.35	30
27.36	31
27.37	36
27.38	23
27.39	26
27.4	38
27.41	37
27.42	34
27.43	25
27.44	21
27.45	30
27.46	33
27.47	33
27.48	27
27.49	33
27.5	38
27.51	30
27.52	21
27.53	40
27.54	27
27.55	30
27.56	22
27.57	36
27.58	35
27.59	24
27.6	25
27.61	23
27.62	32
27.63	28
27.64	39
27.65	25
27.66	34
27.67	28
27.68	25
27.69	24
27.7	35
27.71	24
27.72	31
27.73	25
27.74	23
27.75	31
27.76	32
27.77	25
27.78	28
27.79	34
27.8	27
27.81	32
27.82	17
27.83	32
27.84	27
27.85	20
27.86	26
27.87	23
27.88	16
27.89	21
27.9	28
27.91	22
27.92	20
27.93	27
27.94	28
27.95	21
27.96	18
27.97	24
27.98	26
27.99	33
28	18
28.01	23
28.02	22
28.03	19
28.04	18
28.05	23
28.06	17
28.07	23
28.08	21
28.09	24
28.1	10
28.11	21
28.12	20
28.13	26
28.14	20
28.15	16
28.16	10
28.17	22
28.18	20
28.19	21
28.2	13
28.21	21
28.22	18
28.23	16
28.24	22
28.25	18
28.26	9
28.27	18
28.28	18
28.29	12
28.3	18
28.31	10
28.32	18
28.33	14
28.34	12
28.35	14
28.36	16
28.37	10
28.38	15
28.39	22
28.4	17
28.41	7
28.42	20
28.43	12
28.44	13
28.45	14
28.46	13
28.47	13
28.48	22
28.49	9
28.5	17
28.51	15
28.52	11
28.53	15
28.54	8
28.55	9
28.56	11
28.57	16
28.58	15
28.59	18
28.6	10
28.61	11
28.62	5
28.63	11
28.64	8
28.65	9
28.66	13
28.67	11
28.68	14
28.69	16
28.7	6
28.71	8
28.72	11
28.73	9
28.74	17
28.75	9
28.76	13
28.77	7
28.78	9
28.79	9
28.8	12
28.81	10
28.82	12
28.83	19
28.84	18
28.85	8
28.86	9
28.87	8
28.88	15
28.89	9
28.9	14
28.91	12
28.92	6
28.93	8
28.94	7
28.95	10
28.96	12
28.97	6
28.98	8
28.99	8
29	12
29.01	8
29.02	11
29.03	4
29.04	5
29.05	6
29.06	7
29.07	4
29.08	11
29.09	7
29.1	5
29.11	9
29.12	2
29.13	6
29.14	5
29.15	5
29.16	4
29.17	6
29.18	3
29.19	10
29.2	4
29.21	9
29.22	2
29.23	4
29.24	3
29.25	5
29.26	6
29.27	6
29.28	7
29.29	3
29.3	8
29.31	4
29.32	5
29.33	3
29.34	5
29.35	3
29.36	9
29.37	4
29.38	7
29.39	8
29.4	4
29.41	7
29.42	4
29.43	3
29.44	6
29.45	6
29.46	7
29.47	4
29.48	7
29.49	4
29.5	3
29.51	7
29.52	2
29.53	7
29.54	8
29.55	4
29.56	5
29.57	5
29.58	3
29.59	6
29.6	7
29.61	1
29.62	9
29.63	6
29.64	2
29.65	4
29.66	7
29.67	1
29.68	1
29.69	3
29.7	5
29.71	4
29.72	2
29.73	2
29.74	1
29.75	3
29.76	1
29.77	2
29.78	0
29.79	4
29.8	4
29.81	3
29.82	5
29.83	2
29.84	3
29.85	2
29.86	2
29.87	5
29.88	4
29.89	4
29.9	0
29.91	5
29.92	3
29.93	2
29.94	1
29.95	4
29.96	5
29.97	1
29.98	3
29.99	0
30	5
30.01	0
30.02	2
30.03	1
30.04	4
30.05	2
30.06	2
30.07	1
30.08	1
30.09	1
30.1	1
30.11	3
30.12	2
30.13	1
30.14	0
30.15	2
30.16	1
30.17	4
30.18	5
30.19	5
30.2	2
30.21	1
30.22	1
30.23	2
30.24	2
30.25	3
30.26	1
30.27	2
30.28	1
30.29	3
30.3	2
30.31	3
30.32	2
30.33	0
30.34	1
30.35	0
30.36	1
30.37	1
30.38	6
30.39	2
30.4	2
30.41	1
30.42	2
30.43	2
30.44	0
30.45	0
30.46	0
30.47	0
30.48	1
30.49	0
30.5	0
30.51	5
30.52	3
30.53	0
30.54	5
30.55	2
30.56	2
30.57	2
30.58	3
30.59	4
30.6	2
30.61	1
30.62	1
30.63	4
30.64	3
30.65	1
30.66	1
30.67	2
30.68	4
30.69	1
30.7	5
30.71	1
30.72	0
30.73	4
30.74	1
30.75	3
30.76	0
30.77	0
30.78	1
30.79	1
30.8	2
30.81	2
30.82	1
30.83	2
30.84	1
30.85	2
30.86	4
30.87	2
30.88	4
30.89	3
30.9	1
30.91	2
30.92	2
30.93	3
30.94	0
30.95	1
30.96	4
30.97	0
30.98	4
30.99	3
31	2
31.01	0
31.02	1
31.03	1
31.04	2
31.05	0
31.06	2
31.07	0
31.08	4
31.09	6
31.1	2
31.11	2
31.12	3
31.13	5
31.14	2
31.15	1
31.16	2
31.17	2
31.18	1
31.19	1
31.2	2
31.21	5
31.22	0
31.23	1
31.24	2
31.25	2
31.26	1
31.27	3
31.28	0
31.29	2
31.3	5
31.31	3
31.32	0
31.33	2
31.34	2
31.35	4
31.36	1
31.37	2
31.38	3
31.39	3
31.4	1
31.41	4
31.42	3
31.43	2
31.44	1
31.45	1
31.46	3
31.47	1
31.48	0
31.49	3
31.5	3
31.51	2
31.52	1
31.53	0
31.54	1
31.55	1
31.56	0
31.57	3
31.58	1
31.59	2
31.6	4
31.61	1
31.62	2
31.63	0
31.64	3
31.65	2
31.66	2
31.67	1
31.68	0
31.69	2
31.7	1
31.71	0
31.72	1
31.73	0
31.74	1
31.75	4
31.76	0
31.77	3
31.78	1
31.79	1
31.8	4
31.81	0
31.82	5
31.83	6
31.84	0
31.85	2
31.86	1
31.87	2
31.88	3
31.89	6
31.9	2
31.91	1
31.92	0
31.93	1
31.94	3
31.95	0
31.96	0
31.97	2
31.98	0
31.99	1
32	2
32.01	3
32.02	3
32.03	5
32.04	3
32.05	0
32.06	0
32.07	2
32.08	2
32.09	3
32.1	6
32.11	3
32.12	1
32.13	2
32.14	3
32.15	2
32.16	3
32.17	1
32.18	0
32.19	2
32.2	3
32.21	4
32.22	2
32.23	3
32.24	1
32.25	1
32.26	1
32.27	3
32.28	3
32.29	3
32.3	3
32.31	1
32.32	3
32.33	3
32.34	2
32.35	2
32.36	1
32.37	2
32.38	1
32.39	2
32.4	2
32.41	3
32.42	5
32.43	1
32.44	4
32.45	0
32.46	0
32.47	4
32.48	0
32.49	0
32.5	2
32.51	3
32.52	0
32.53	2
32.54	2
32.55	2
32.56	4
32.57	2
32.58	2
32.59	1
32.6	1
32.61	1
32.62	3
32.63	3
32.64	1
32.65	0
32.66	2
32.67	4
32.68	2
32.69	0
32.7	1
32.71	3
32.72	1
32.73	2
32.74	3
32.75	3
32.76	2
32.77	3
32.78	1
32.79	1
32.8	3
32.81	2
32.82	1
32.83	3
32.84	1
32.85	1
32.86	4
32.87	2
32.88	0
32.89	1
32.9	3
32.91	1
32.92	4
32.93	0
32.94	2
32.95	1
32.96	4
32.97	1
32.98	3
32.99	1
33	1
33.01	1
33.02	4
33.03	0
33.04	2
33.05	1
33.06	2
33.07	2
33.08	1
33.09	3
33.1	4
33.11	5
33.12	3
33.13	0
33.14	1
33.15	1
33.16	4
33.17	1
33.18	0
33.19	4
33.2	3
33.21	0
33.22	1
33.23	2
33.24	1
33.25	6
33.26	0
33.27	0
33.28	1
33.29	0
33.3	2
33.31	3
33.32	1
33.33	1
33.34	2
33.35	1
33.36	0
33.37	3
33.38	4
33.39	0
33.4	0
33.41	3
33.42	2
33.43	6
33.44	0
33.45	2
33.46	2
33.47	3
33.48	0
33.49	1
33.5	1
33.51	3
33.52	2
33.53	3
33.54	1
33.55	4
33.56	3
33.57	0
33.58	1
33.59	2
33.6	3
33.61	1
33.62	2
33.63	1
33.64	4
33.65	2
33.66	2
33.67	2
33.68	2
33.69	2
33.7	1
33.71	1
33.72	3
33.73	5
33.74	4
33.75	1
33.76	4
33.77	0
33.78	1
33.79	3
33.8	1
33.81	3
33.82	3
33.83	1
33.84	2
33.85	4
33.86	2
33.87	1
33.88	1
33.89	2
33.9	3
33.91	4
33.92	1
33.93	4
33.94	3
33.95	2
33.96	6
33.97	2
33.98	0
33.99	5
34	0
34.01	1
34.02	0
34.03	3
34.04	0
34.05	0
34.06	2
34.07	1
34.08	1
34.09	4
34.1	2
34.11	6
34.12	2
34.13	4
34.14	0
34.15	1
34.16	2
34.17	2
34.18	0
34.19	0
34.2	2
34.21	2
34.22	0
34.23	1
34.24	0
34.25	0
34.26	4
34.27	5
34.28	3
34.29	2
34.3	3
34.31	1
34.32	3
34.33	3
34.34	2
34.35	4
34.36	2
34.37	3
34.38	3
34.39	5
34.4	5
34.41	6
34.42	1
34.43	0
34.44	1
34.45	5
34.46	7
34.47	6
34.48	4
34.49	4
34.5	4
34.51	5
34.52	2
34.53	3
34.54	5
34.55	5
34.56	3
34.57	4
34.58	3
34.59	3
34.6	4
34.61	3
34.62	6
34.63	5
34.64	1
34.65	4
34.66	3
34.67	1
34.68	3
34.69	5
34.7	3
34.71	1
34.72	2
34.73	2
34.74	3
34.75	3
34.76	6
34.77	1
34.78	1
34.79	2
34.8	2
34.81	0
34.82	4
34.83	2
34.84	4
34.85	3
34.86	7
34.87	6
34.88	2
34.89	5
34.9	4
34.91	6
34.92	4
34.93	4
34.94	3
34.95	0
34.96	5
34.97	7
34.98	3
34.99	1
35	2
35.01	1
35.02	3
35.03	2
35.04	4
35.05	6
35.06	1
35.07	6
35.08	3
35.09	3
35.1	6
35.11	3
35.12	7
35.13	6
35.14	8
35.15	5
35.16	1
35.17	7
35.18	8
35.19	5
35.2	1
35.21	7
35.22	0
35.23	8
35.24	4
35.25	3
35.26	5
35.27	6
35.28	2
35.29	5
35.3	2
35.31	10
35.32	7
35.33	5
35.34	5
35.35	5
35.36	8
35.37	4
35.38	7
35.39	6
35.4	2
35.41	2
35.42	5
35.43	7
35.44	5
35.45	6
35.46	6
35.47	6
35.48	9
35.49	5
35.5	3
35.51	7
35.52	5
35.53	4
35.54	11
35.55	5
35.56	8
35.57	6
35.58	3
35.59	1
35.6	4
35.61	4
35.62	6
35.63	2
35.64	2
35.65	6
35.66	6
35.67	9
35.68	7
35.69	7
35.7	3
35.71	4
35.72	2
35.73	5
35.74	3
35.75	4
35.76	2
35.77	4
35.78	5
35.79	2
35.8	11
35.81	3
35.82	1
35.83	7
35.84	2
35.85	6
35.86	3
35.87	5
35.88	9
35.89	4
35.9	8
35.91	4
35.92	5
35.93	5
35.94	0
35.95	10
35.96	6
35.97	6
35.98	4
35.99	6
36	7
36.01	9
36.02	6
36.03	5
36.04	7
36.05	10
36.06	5
36.07	3
36.08	3
36.09	4
36.1	9
36.11	4
36.12	4
36.13	8
36.14	7
36.15	9
36.16	6
36.17	6
36.18	11
36.19	7
36.2	13
36.21	6
36.22	9
36.23	5
36.24	5
36.25	5
36.26	6
36.27	7
36.28	6
36.29	7
36.3	4
36.31	5
36.32	10
36.33	1
36.34	7
36.35	9
36.36	7
36.37	3
36.38	10
36.39	4
36.4	7
36.41	5
36.42	4
36.43	4
36.44	8
36.45	5
36.46	11
36.47	10
36.48	8
36.49	10
36.5	10
36.51	8
36.52	4
36.53	3
36.54	3
36.55	13
36.56	3
36.57	11
36.58	6
36.59	9
36.6	6
36.61	6
36.62	7
36.63	4
36.64	2
36.65	5
36.66	9
36.67	7
36.68	3
36.69	10
36.7	7
36.71	2
36.72	6
36.73	7
36.74	10
36.75	4
36.76	5
36.77	10
36.78	3
36.79	4
36.8	6
36.81	8
36.82	8
36.83	6
36.84	4
36.85	8
36.86	3
36.87	8
36.88	10
36.89	5
36.9	7
36.91	7
36.92	4
36.93	9
36.94	15
36.95	4
36.96	4
36.97	4
36.98	9
36.99	2
37	6
37.01	14
37.02	8
37.03	10
37.04	8
37.05	7
37.06	4
37.07	11
37.08	7
37.09	9
37.1	9
37.11	9
37.12	3
37.13	10
37.14	4
37.15	7
37.16	12
37.17	6
37.18	9
37.19	4
37.2	8
37.21	6
37.22	14
37.23	10
37.24	11
37.25	10
37.26	8
37.27	10
37.28	2
37.29	3
37.3	2
37.31	9
37.32	9
37.33	6
37.34	7
37.35	10
37.36	9
37.37	5
37.38	7
37.39	6
37.4	5
37.41	9
37.42	8
37.43	6
37.44	13
37.45	1
37.46	9
37.47	12
37.48	10
37.49	3
37.5	4
37.51	5
37.52	5
37.53	8
37.54	10
37.55	7
37.56	17
37.57	8
37.58	13
37.59	5
37.6	4
37.61	7
37.62	8
37.63	7
37.64	12
37.65	4
37.66	8
37.67	9
37.68	8
37.69	7
37.7	5
37.71	6
37.72	8
37.73	10
37.74	7
37.75	3
37.76	9
37.77	9
37.78	8
37.79	9
37.8	7
37.81	6
37.82	6
37.83	4
37.84	4
37.85	6
37.86	11
37.87	7
37.88	17
37.89	7
37.9	8
37.91	5
37.92	7
37.93	7
37.94	10
37.95	8
37.96	4
37.97	6
37.98	10
37.99	6
38	8
38.01	5
38.02	9
38.03	7
38.04	3
38.05	7
38.06	8
38.07	6
38.08	11
38.09	11
38.1	10
38.11	12
38.12	2
38.13	7
38.14	10
38.15	9
38.16	6
38.17	6
38.18	10
38.19	7
38.2	13
38.21	3
38.22	11
38.23	9
38.24	9
38.25	8
38.26	11
38.27	12
38.28	13
38.29	11
38.3	7
38.31	7
38.32	7
38.33	2
38.34	9
38.35	7
38.36	5
38.37	7
38.38	5
38.39	5
38.4	6
38.41	5
38.42	8
38.43	6
38.44	11
38.45	9
38.46	8
38.47	9
38.48	10
38.49	8
38.5	9
38.51	5
38.52	4
38.53	10
38.54	6
38.55	6
38.56	4
38.57	10
38.58	7
38.59	9
38.6	10
38.61	4
38.62	2
38.63	3
38.64	3
38.65	5
38.66	4
38.67	4
38.68	2
38.69	3
38.7	4
38.71	3
38.72	3
38.73	9
38.74	6
38.75	8
38.76	6
38.77	4
38.78	2
38.79	5
38.8	7
38.81	5
38.82	5
38.83	6
38.84	1
38.85	5
38.86	5
38.87	7
38.88	5
38.89	2
38.9	4
38.91	6
38.92	4
38.93	2
38.94	4
38.95	8
38.96	2
38.97	2
38.98	3
38.99	2
39	2
39.01	3
39.02	3
39.03	3
39.04	4
39.05	2
39.06	1
39.07	3
39.08	2
39.09	2
39.1	2
39.11	3
39.12	3
39.13	1
39.14	4
39.15	3
39.16	2
39.17	3
39.18	2
39.19	2
39.2	4
39.21	5
39.22	4
39.23	5
39.24	2
39.25	4
39.26	0
39.27	3
39.28	1
39.29	4
39.3	3
39.31	2
39.32	2
39.33	2
39.34	4
39.35	5
39.36	2
39.37	2
39.38	0
39.39	2
39.4	1
39.41	5
39.42	3
39.43	1
39.44	3
39.45	1
39.46	1
39.47	1
39.48	4
39.49	1
39.5	1
39.51	3
39.52	2
39.53	1
39.54	4
39.55	2
39.56	2
39.57	3
39.58	2
39.59	2
39.6	5
39.61	1
39.62	1
39.63	1
39.64	0
39.65	2
39.66	0
39.67	2
39.68	3
39.69	1
39.7	1
39.71	0
39.72	1
39.73	2
39.74	0
39.75	0
39.76	3
39.77	1
39.78	1
39.79	0
39.8	3
39.81	1
39.82	1
39.83	1
39.84	4
39.85	2
39.86	4
39.87	3
39.88	3
39.89	2
39.9	0
39.91	2
39.92	1
39.93	1
39.94	0
39.95	3
39.96	1
39.97	2
39.98	2
39.99	0
40	1
40.01	0
40.02	4
40.03	2
40.04	1
40.05	0
40.06	1
40.07	2
40.08	6
40.09	0
40.1	0
40.11	3
40.12	2
40.13	1
40.14	2
40.15	0
40.16	2
40.17	0
40.18	2
40.19	1
40.2	0
40.21	1
40.22	1
40.23	2
40.24	0
40.25	2
40.26	1
40.27	1
40.28	0
40.29	0
40.3	2
40.31	1
40.32	1
40.33	0
40.34	0
40.35	0
40.36	1
40.37	1
40.38	1
40.39	0
40.4	0
40.41	2
40.42	1
40.43	1
40.44	0
40.45	4
40.46	1
40.47	0
40.48	1
40.49	2
40.5	0
40.51	0
40.52	0
40.53	1
40.54	0
40.55	0
40.56	0
40.57	1
40.58	0
40.59	0
40.6	0
40.61	0
40.62	1
40.63	0
40.64	1
40.65	0
40.66	1
40.67	0
40.68	0
40.69	0
40.7	3
40.71	1
40.72	0
40.73	1
40.74	0
40.75	1
40.76	0
40.77	1
40.78	0
40.79	0
40.8	0
40.81	1
40.82	0
40.83	1
40.84	1
40.85	1
40.86	0
40.87	1
40.88	0
40.89	1
40.9	1
40.91	1
40.92	2
40.93	1
40.94	1
40.95	1
40.96	1
40.97	0
40.98	1
40.99	0
41	1
41.01	0
41.02	0
41.03	2
41.04	0
41.05	0
41.06	3
41.07	0
41.08	0
41.09	0
41.1	0
41.11	3
41.12	1
41.13	1
41.14	1
41.15	0
41.16	1
41.17	1
41.18	0
41.19	1
41.2	0
41.21	0
41.22	0
41.23	0
41.24	0
41.25	0
41.26	1
41.27	1
41.28	0
41.29	0
41.3	0
41.31	1
41.32	1
41.33	0
41.34	0
41.35	0
41.36	0
41.37	1
41.38	0
41.39	0
41.4	0
41.41	1
41.42	0
41.43	0
41.44	0
41.45	1
41.46	0
41.47	0
41.48	1
41.49	0
41.5	0
41.51	2
41.52	1
41.53	0
41.54	0
41.55	0
41.56	0
41.57	0
41.58	0
41.59	1
41.6	0
41.61	0
41.62	1
41.63	0
41.64	2
41.65	0
41.66	1
41.67	0
41.68	0
41.69	1
41.7	0
41.71	1
41.72	1
41.73	0
41.74	0
41.75	0
41.76	1
41.77	0
41.78	0
41.79	0
41.8	0
41.81	1
41.82	1
41.83	1
41.84	0
41.85	0
41.86	0
41.87	0
41.88	0
41.89	1
41.9	0
41.91	0
41.92	0
41.93	0
41.94	0
41.95	0
41.96	1
41.97	0
41.98	1
41.99	0
42	1
42.01	1
42.02	1
42.03	0
42.04	0
42.05	0
42.06	0
42.07	0
42.08	0
42.09	0
42.1	0
42.11	0
42.12	0
42.13	0
42.14	2
42.15	0
42.16	1
42.17	1
42.18	0
42.19	0
42.2	0
42.21	1
42.22	1
42.23	1
42.24	1
42.25	0
42.26	0
42.27	0
42.28	0
42.29	1
42.3	0
42.31	1
42.32	2
42.33	0
42.34	0
42.35	0
42.36	0
42.37	0
42.38	0
42.39	0
42.4	0
42.41	0
42.42	0
42.43	0
42.44	0
42.45	0
42.46	0
42.47	1
42.48	1
42.49	0
42.5	0
42.51	1
42.52	0
42.53	1
42.54	3
42.55	0
42.56	0
42.57	0
42.58	0
42.59	0
42.6	0
42.61	0
42.62	0
42.63	1
42.64	0
42.65	1
42.66	0
42.67	0
42.68	0
42.69	0
42.7	0
42.71	0
42.72	0
42.73	0
42.74	1
42.75	0
42.76	1
42.77	0
42.78	0
42.79	0
42.8	0
42.81	0
42.82	1
42.83	0
42.84	0
42.85	0
42.86	0
42.87	0
42.88	0
42.89	0
42.9	0
42.91	1
42.92	0
42.93	0
42.94	1
42.95	1
42.96	0
42.97	0
42.98	0
42.99	0
43	0
43.01	0
43.02	1
43.03	0
43.04	0
43.05	0
43.06	0
43.07	0
43.08	0
43.09	0
43.1	2
43.11	0
43.12	0
43.13	0
43.14	0
43.15	0
43.16	0
43.17	0
43.18	1
43.19	0
43.2	1
43.21	0
43.22	0
43.23	0
43.24	0
43.25	0
43.26	0
43.27	0
43.28	0
43.29	2
43.3	0
43.31	0
43.32	1
43.33	0
43.34	0
43.35	0
43.36	0
43.37	0
43.38	0
43.39	0
43.4	0
43.41	0
43.42	0
43.43	1
43.44	0
43.45	1
43.46	0
43.47	0
43.48	0
43.49	0
43.5	0
43.51	0
43.52	0
43.53	0
43.54	0
43.55	0
43.56	0
43.57	0
43.58	0
43.59	0
43.6	1
43.61	0
43.62	0
43.63	0
43.64	0
43.65	0
43.66	0
43.67	0
43.68	0
43.69	0
43.7	0
43.71	0
43.72	0
43.73	0
43.74	0
43.75	0
43.76	0
43.77	0
43.78	0
43.79	0
43.8	0
43.81	0
43.82	0
43.83	0
43.84	1
43.85	1
43.86	0
43.87	0
43.88	0
43.89	0
43.9	0
43.91	0
43.92	0
43.93	0
43.94	0
43.95	0
43.96	0
43.97	0
43.98	1
43.99	0
44	1
44.01	0
44.02	1
44.03	0
44.04	0
44.05	0
44.06	0
44.07	1
44.08	1
44.09	0
44.1	0
44.11	0
44.12	0
44.13	0
44.14	0
44.15	0
44.16	0
44.17	0
44.18	0
44.19	0
44.2	0
44.21	0
44.22	0
44.23	0
44.24	0
44.25	0
44.26	0
44.27	0
44.28	0
44.29	0
44.3	0
44.31	1
44.32	0
44.33	0
44.34	1
44.35	0
44.36	0
44.37	0
44.38	0
44.39	0
44.4	0
44.41	0
44.42	0
44.43	0
44.44	0
44.45	0
44.46	0
44.47	0
44.48	0
44.49	0
44.5	1
44.51	0
44.52	0
44.53	0
44.54	1
44.55	0
44.56	0
44.57	0
44.58	0
44.59	0
44.6	0
44.61	0
44.62	0
44.63	0
44.64	0
44.65	0
44.66	0
44.67	0
44.68	0
44.69	1
44.7	0
44.71	0
44.72	0
44.73	0
44.74	0
44.75	0
44.76	0
44.77	1
44.78	0
44.79	0
44.8	0
44.81	0
44.82	0
44.83	0
44.84	0
44.85	0
44.86	0
44.87	1
44.88	0
44.89	0
44.9	0
44.91	0
44.92	0
44.93	0
44.94	0
44.95	0
44.96	0
44.97	0
44.98	0
44.99	0
45	0
45.01	0
45.02	0
45.03	0
45.04	0
45.05	0
45.06	0
45.07	0
45.08	0
45.09	0
45.1	0
45.11	1
45.12	0
45.13	0
45.14	0
45.15	0
45.16	0
45.17	0
45.18	0
45.19	0
45.2	0
45.21	0
45.22	0
45.23	0
45.24	1
45.25	0
45.26	0
45.27	0
45.28	0
45.29	0
45.3	0
45.31	0
45.32	0
45.33	0
45.34	0
45.35	0
45.36	1
45.37	0
45.38	0
45.39	0
45.4	0
45.41	0
45.42	0
45.43	0
45.44	0
45.45	0
45.46	0
45.47	0
45.48	0
45.49	0
45.5	0
45.51	0
45.52	0
45.53	0
45.54	0
45.55	0
45.56	0
45.57	0
45.58	0
45.59	0
45.6	0
45.61	0
45.62	0
45.63	0
45.64	0
45.65	0
45.66	0
45.67	0
45.68	0
45.69	0
45.7	0
45.71	0
45.72	0
45.73	0
45.74	0
45.75	0
45.76	0
45.77	0
45.78	0
45.79	0
45.8	0
45.81	0
45.82	0
45.83	1
45.84	0
45.85	0
45.86	0
45.87	0
45.88	0
45.89	0
45.9	0
45.91	0
45.92	0
45.93	0
45.94	0
45.95	0
45.96	0
45.97	0
45.98	0
45.99	0
46	0
46.01	0
46.02	0
46.03	0
46.04	0
46.05	0
46.06	0
46.07	1
46.08	0
46.09	0
46.1	0
46.11	0
46.12	0
46.13	0
46.14	0
46.15	0
46.16	0
46.17	0
46.18	0
46.19	0
46.2	0
46.21	0
46.22	0
46.23	0
46.24	0
46.25	0
46.26	0
46.27	0
46.28	0
46.29	0
46.3	0
46.31	0
46.32	0
46.33	0
46.34	0
46.35	1
46.36	0
46.37	0
46.38	0
46.39	0
46.4	2
46.41	0
46.42	0
46.43	0
46.44	0
46.45	0
46.46	0
46.47	0
46.48	1
46.49	0
46.5	0
46.51	0
46.52	0
46.53	0
46.54	0
46.55	0
46.56	0
46.57	0
46.58	0
46.59	0
46.6	0
46.61	0
46.62	0
46.63	0
46.64	0
46.65	0
46.66	0
46.67	0
46.68	0
46.69	0
46.7	1
46.71	0
46.72	0
46.73	0
46.74	0
46.75	0
46.76	0
46.77	0
46.78	0
46.79	0
46.8	0
46.81	0
46.82	0
46.83	0
46.84	0
46.85	0
46.86	0
46.87	0
46.88	0
46.89	0
46.9	1
46.91	0
46.92	1
46.93	0
46.94	0
46.95	0
46.96	0
46.97	0
46.98	0
46.99	0
47	0
47.01	0
47.02	0
47.03	0
47.04	0
47.05	0
47.06	0
47.07	0
47.08	0
47.09	0
47.1	0
47.11	0
47.12	0
47.13	0
47.14	0
47.15	0
47.16	0
47.17	0
47.18	0
47.19	0
47.2	0
47.21	0
47.22	0
47.23	0
47.24	0
47.25	0
47.26	0
47.27	0
47.28	0
47.29	0
47.3	0
47.31	0
47.32	0
47.33	0
47.34	0
47.35	0
47.36	0
47.37	0
47.38	0
47.39	0
47.4	0
47.41	0
47.42	0
47.43	0
47.44	0
47.45	0
47.46	0
47.47	1
47.48	0
47.49	0
47.5	0
47.51	0
47.52	0
47.53	0
47.54	0
47.55	0
47.56	0
47.57	0
47.58	0
47.59	0
47.6	0
47.61	0
47.62	0
47.63	0
47.64	0
47.65	0
47.66	0
47.67	0
47.68	0
47.69	0
47.7	0
47.71	0
47.72	0
47.73	0
47.74	0
47.75	0
47.76	0
47.77	0
47.78	0
47.79	1
47.8	0
47.81	0
47.82	0
47.83	0
47.84	0
47.85	0
47.86	0
47.87	0
47.88	0
47.89	0
47.9	0
47.91	0
47.92	0
47.93	0
47.94	1
47.95	0
47.96	0
47.97	0
47.98	0
47.99	0
48	0
48.01	0
48.02	0
48.03	0
48.04	0
48.05	0
48.06	0
48.07	0
48.08	0
48.09	0
48.1	0
48.11	0
48.12	0
48.13	0
48.14	0
48.15	0
48.16	0
48.17	0
48.18	0
48.19	0
48.2	0
48.21	1
48.22	0
48.23	1
48.24	0
48.25	0
48.26	0
48.27	0
48.28	0
48.29	0
48.3	0
48.31	0
48.32	0
48.33	0
48.34	0
48.35	0
48.36	0
48.37	0
48.38	0
48.39	0
48.4	0
48.41	0
48.42	0
48.43	0
48.44	0
48.45	0
48.46	0
48.47	0
48.48	0
48.49	0
48.5	0
48.51	0
48.52	0
48.53	0
48.54	0
48.55	0
48.56	0
48.57	0
48.58	0
48.59	0
48.6	0
48.61	0
48.62	0
48.63	0
48.64	0
48.65	0
48.66	0
48.67	1
48.68	0
48.69	0
48.7	0
48.71	0
48.72	0
48.73	0
48.74	0
48.75	0
48.76	0
48.77	0
48.78	0
48.79	0
48.8	1
48.81	0
48.82	0
48.83	0
48.84	0
48.85	0
48.86	1
48.87	0
48.88	1
48.89	0
48.9	0
48.91	0
48.92	0
48.93	0
48.94	0
48.95	0
48.96	0
48.97	0
48.98	0
48.99	0
49	0
49.01	0
49.02	0
49.03	0
49.04	0
49.05	0
49.06	0
49.07	0
49.08	0
49.09	0
49.1	0
49.11	0
49.12	0
49.13	0
49.14	0
49.15	0
49.16	0
49.17	0
49.18	0
49.19	0
49.2	0
49.21	0
49.22	1
49.23	0
49.24	0
49.25	0
49.26	0
49.27	0
49.28	0
49.29	0
49.3	0
49.31	0
49.32	0
49.33	0
49.34	0
49.35	0
49.36	0
49.37	0
49.38	0
49.39	0
49.4	0
49.41	0
49.42	0
49.43	0
49.44	0
49.45	0
49.46	0
49.47	0
49.48	0
49.49	0
49.5	0
49.51	0
49.52	0
49.53	0
49.54	0
49.55	0
49.56	0
49.57	0
49.58	0
49.59	0
49.6	0
49.61	1
49.62	0
49.63	0
49.64	0
49.65	0
49.66	0
49.67	0
49.68	0
49.69	0
49.7	0
49.71	0
49.72	0
49.73	1
49.74	0
49.75	0
49.76	0
49.77	0
49.78	0
49.79	0
49.8	0
49.81	0
49.82	0
49.83	0
49.84	1
49.85	0
49.86	0
49.87	0
49.88	0
49.89	0
49.9	0
49.91	1
49.92	0
49.93	0
49.94	0
49.95	0
49.96	0
49.97	0
49.98	0
49.99	0
50	0
50.01	0
50.02	0
50.03	0
50.04	0
50.05	0
50.06	0
50.07	0
50.08	0
50.09	0
50.1	0
50.11	0
50.12	0
50.13	0
50.14	0
50.15	1
50.16	0
50.17	0
50.18	0
50.19	0
50.2	0
50.21	0
50.22	0
50.23	0
50.24	0
50.25	0
50.26	0
50.27	0
50.28	0
50.29	0
50.3	0
50.31	0
50.32	0
50.33	0
50.34	0
50.35	0
50.36	0
50.37	0
50.38	0
50.39	0
50.4	0
50.41	0
50.42	0
50.43	0
50.44	0
50.45	0
50.46	0
50.47	0
50.48	0
50.49	0
50.5	0
50.51	0
50.52	0
50.53	0
50.54	0
50.55	0
50.56	0
50.57	0
50.58	0
50.59	0
50.6	0
50.61	0
50.62	0
50.63	0
50.64	0
50.65	0
50.66	0
50.67	0
50.68	0
50.69	0
50.7	0
50.71	0
50.72	0
50.73	0
50.74	0
50.75	0
50.76	0
50.77	0
50.78	0
50.79	0
50.8	0
50.81	0
50.82	0
50.83	0
50.84	0
50.85	0
50.86	0
50.87	0
50.88	0
50.89	0
50.9	0
50.91	0
50.92	0
50.93	0
50.94	0
50.95	0
50.96	0
50.97	0
50.98	0
50.99	0
51	0
51.01	0
51.02	0
51.03	0
51.04	0
51.05	0
51.06	0
51.07	0
51.08	0
51.09	0
51.1	0
51.11	0
51.12	0
51.13	0
51.14	0
51.15	0
51.16	0
51.17	0
51.18	0
51.19	0
51.2	0
51.21	0
51.22	0
51.23	0
51.24	0
51.25	0
51.26	0
51.27	0
51.28	0
51.29	0
51.3	0
51.31	0
51.32	0
51.33	0
51.34	0
51.35	0
51.36	0
51.37	0
51.38	0
51.39	0
51.4	0
51.41	0
51.42	0
51.43	0
51.44	0
51.45	0
51.46	0
51.47	0
51.48	0
51.49	0
51.5	0
51.51	0
51.52	0
51.53	0
51.54	0
51.55	0
51.56	0
51.57	0
51.58	0
51.59	0
51.6	0
51.61	0
51.62	0
51.63	0
51.64	0
51.65	0
51.66	0
51.67	0
51.68	0
51.69	0
51.7	0
51.71	0
51.72	0
51.73	0
51.74	0
51.75	0
51.76	0
51.77	0
51.78	0
51.79	0
51.8	0
51.81	0
51.82	0
51.83	0
51.84	0
51.85	0
51.86	0
51.87	0
51.88	0
51.89	0
51.9	0
51.91	0
51.92	0
51.93	0
51.94	0
51.95	0
51.96	0
51.97	0
51.98	0
51.99	0
52	0
52.01	0
52.02	0
52.03	0
52.04	0
52.05	0
52.06	0
52.07	0
52.08	0
52.09	0
52.1	0
52.11	0
52.12	0
52.13	0
52.14	0
52.15	0
52.16	0
52.17	0
52.18	0
52.19	0
52.2	0
52.21	0
52.22	0
52.23	0
52.24	0
52.25	0
52.26	0
52.27	0
52.28	0
52.29	0
52.3	0
52.31	0
52.32	0
52.33	0
52.34	0
52.35	0
52.36	0
52.37	0
52.38	0
52.39	0
52.4	0
52.41	0
52.42	0
52.43	0
52.44	0
52.45	0
52.46	0
52.47	0
52.48	0
52.49	0
52.5	0
52.51	0
52.52	0
52.53	0
52.54	0
52.55	0
52.56	0
52.57	0
52.58	0
52.59	0
52.6	0
52.61	0
52.62	0
52.63	0
52.64	0
52.65	0
52.66	0
52.67	0
52.68	0
52.69	0
52.7	0
52.71	0
52.72	0
52.73	0
52.74	0
52.75	0
52.76	0
52.77	0
52.78	0
52.79	0
52.8	0
52.81	0
52.82	0
52.83	0
52.84	0
52.85	0
52.86	0
52.87	0
52.88	0
52.89	0
52.9	0
52.91	0
52.92	0
52.93	0
52.94	0
52.95	0
52.96	0
52.97	0
52.98	0
52.99	0
53	0
53.01	0
53.02	0
53.03	0
53.04	0
53.05	0
53.06	0
53.07	0
53.08	0
53.09	0
53.1	1
53.11	0
53.12	0
53.13	0
53.14	0
53.15	0
53.16	0
53.17	0
53.18	0
53.19	0
53.2	0
53.21	0
53.22	0
53.23	0
53.24	0
53.25	0
53.26	0
53.27	0
53.28	0
53.29	0
53.3	0
53.31	0
53.32	0
53.33	0
53.34	0
53.35	0
53.36	0
53.37	0
53.38	0
53.39	0
53.4	0
53.41	1
53.42	0
53.43	0
53.44	0
53.45	0
53.46	0
53.47	0
53.48	0
53.49	0
53.5	0
53.51	0
53.52	0
53.53	0
53.54	0
53.55	0
53.56	0
53.57	0
53.58	0
53.59	0
53.6	0
53.61	0
53.62	0
53.63	0
53.64	0
53.65	0
53.66	0
53.67	0
53.68	0
53.69	0
53.7	0
53.71	0
53.72	0
53.73	0
53.74	0
53.75	0
53.76	0
53.77	0
53.78	0
53.79	0
53.8	0
53.81	0
53.82	0
53.83	0
53.84	0
53.85	0
53.86	0
53.87	0
53.88	0
53.89	0
53.9	0
53.91	0
53.92	0
53.93	0
53.94	0
53.95	0
53.96	0
53.97	0
53.98	0
53.99	0
54	0
54.01	0
54.02	0
54.03	0
54.04	0
54.05	0
54.06	0
54.07	0
54.08	0
54.09	0
54.1	0
54.11	0
54.12	0
54.13	0
54.14	0
54.15	0
54.16	0
54.17	0
54.18	0
54.19	0
54.2	0
54.21	0
54.22	0
54.23	0
54.24	0
54.25	0
54.26	0
54.27	0
54.28	0
54.29	0
54.3	0
54.31	0
54.32	0
54.33	0
54.34	0
54.35	0
54.36	0
54.37	0
54.38	0
54.39	0
54.4	0
54.41	0
54.42	0
54.43	0
54.44	0
54.45	0
54.46	0
54.47	0
54.48	0
54.49	0
54.5	0
54.51	0
54.52	0
54.53	1
54.54	0
54.55	0
54.56	0
54.57	0
54.58	1
54.59	0
54.6	0
54.61	0
54.62	0
54.63	0
54.64	0
54.65	0
54.66	0
54.67	0
54.68	0
54.69	0
54.7	0
54.71	0
54.72	0
54.73	0
54.74	0
54.75	0
54.76	0
54.77	0
54.78	0
54.79	0
54.8	0
54.81	0
54.82	0
54.83	0
54.84	0
54.85	0
54.86	0
54.87	0
54.88	0
54.89	0
54.9	0
54.91	0
54.92	0
54.93	0
54.94	0
54.95	0
54.96	0
54.97	0
54.98	0
54.99	0
55	0
55.01	0
55.02	0
55.03	0
55.04	0
55.05	0
55.06	0
55.07	0
55.08	0
55.09	0
55.1	0
55.11	0
55.12	0
55.13	0
55.14	0
55.15	0
55.16	0
55.17	0
55.18	0
55.19	0
55.2	0
55.21	0
55.22	0
55.23	0
55.24	0
55.25	0
55.26	0
55.27	0
55.28	0
55.29	0
55.3	0
55.31	0
55.32	0
55.33	0
55.34	0
55.35	0
55.36	0
55.37	0
55.38	0
55.39	0
55.4	0
55.41	0
55.42	0
55.43	0
55.44	0
55.45	0
55.46	0
55.47	0
55.48	0
55.49	0
55.5	0
55.51	0
55.52	0
55.53	0
55.54	0
55.55	0
55.56	0
55.57	0
55.58	0
55.59	0
55.6	0
55.61	0
55.62	0
55.63	0
55.64	0
55.65	0
55.66	0
55.67	0
55.68	0
55.69	0
55.7	0
55.71	0
55.72	0
55.73	0
55.74	0
55.75	0
55.76	0
55.77	0
55.78	0
55.79	0
55.8	0
55.81	0
55.82	0
55.83	0
55.84	0
55.85	0
55.86	0
55.87	0
55.88	0
55.89	0
55.9	0
55.91	0
55.92	0
55.93	0
55.94	0
55.95	0
55.96	0
55.97	0
55.98	0
55.99	0
56	0
56.01	0
56.02	0
56.03	0
56.04	0
56.05	0
56.06	0
56.07	0
56.08	0
56.09	0
56.1	0
56.11	0
56.12	1
56.13	0
56.14	0
56.15	0
56.16	0
56.17	0
56.18	0
56.19	0
56.2	0
56.21	0
56.22	0
56.23	0
56.24	0
56.25	0
56.26	0
56.27	0
56.28	0
56.29	0
56.3	0
56.31	0
56.32	1
56.33	0
56.34	0
56.35	0
56.36	0
56.37	0
56.38	0
56.39	0
56.4	0
56.41	0
56.42	0
56.43	0
56.44	0
56.45	0
56.46	0
56.47	0
56.48	0
56.49	0
56.5	0
56.51	0
56.52	0
56.53	0
56.54	0
56.55	0
56.56	0
56.57	0
56.58	0
56.59	0
56.6	0
56.61	0
56.62	0
56.63	0
56.64	0
56.65	0
56.66	0
56.67	0
56.68	0
56.69	0
56.7	0
56.71	0
56.72	1
56.73	0
56.74	0
56.75	0
56.76	0
56.77	0
56.78	0
56.79	0
56.8	0
56.81	0
56.82	0
56.83	0
56.84	0
56.85	0
56.86	0
56.87	0
56.88	0
56.89	0
56.9	0
56.91	0
56.92	0
56.93	0
56.94	0
56.95	0
56.96	0
56.97	0
56.98	0
56.99	0
57	0
57.01	0
57.02	0
57.03	0
57.04	0
57.05	0
57.06	0
57.07	0
57.08	0
57.09	0
57.1	0
57.11	0
57.12	0
57.13	0
57.14	0
57.15	0
57.16	0
57.17	0
57.18	0
57.19	0
57.2	0
57.21	0
57.22	0
57.23	0
57.24	0
57.25	0
57.26	0
57.27	0
57.28	0
57.29	0
57.3	0
57.31	0
57.32	0
57.33	0
57.34	0
57.35	0
57.36	0
57.37	0
57.38	0
57.39	0
57.4	0
57.41	0
57.42	0
57.43	0
57.44	0
57.45	0
57.46	0
57.47	0
57.48	0
57.49	0
57.5	0
57.51	0
57.52	0
57.53	0
57.54	0
57.55	0
57.56	0
57.57	0
57.58	0
57.59	0
57.6	0
57.61	0
57.62	0
57.63	0
57.64	0
57.65	0
57.66	0
57.67	0
57.68	0
57.69	0
57.7	0
57.71	0
57.72	0
57.73	0
57.74	0
57.75	0
57.76	0
57.77	0
57.78	0
57.79	0
57.8	0
57.81	0
57.82	0
57.83	0
57.84	0
57.85	0
57.86	0
57.87	0
57.88	0
57.89	0
57.9	0
57.91	0
57.92	0
57.93	0
57.94	0
57.95	0
57.96	0
57.97	0
57.98	0
57.99	0
58	0
58.01	0
58.02	0
58.03	0
58.04	0
58.05	0
58.06	0
58.07	0
58.08	0
58.09	0
58.1	0
58.11	0
58.12	0
58.13	0
58.14	0
58.15	0
58.16	0
58.17	0
58.18	0
58.19	0
58.2	0
58.21	0
58.22	0
58.23	0
58.24	0
58.25	0
58.26	0
58.27	0
58.28	0
58.29	0
58.3	0
58.31	0
58.32	1
58.33	0
58.34	0
58.35	0
58.36	0
58.37	0
58.38	0
58.39	0
58.4	0
58.41	0
58.42	0
58.43	0
58.44	0
58.45	0
58.46	0
58.47	0
58.48	1
58.49	0
58.5	0
58.51	0
58.52	0
58.53	0
58.54	0
58.55	0
58.56	0
58.57	0
58.58	0
58.59	0
58.6	0
58.61	0
58.62	0
58.63	0
58.64	0
58.65	0
58.66	0
58.67	0
58.68	0
58.69	0
58.7	0
58.71	0
58.72	0
58.73	0
58.74	0
58.75	0
58.76	0
58.77	0
58.78	0
58.79	0
58.8	0
58.81	0
58.82	0
58.83	0
58.84	0
58.85	0
58.86	0
58.87	0
58.88	0
58.89	0
58.9	0
58.91	0
58.92	0
58.93	0
58.94	0
58.95	0
58.96	0
58.97	0
58.98	0
58.99	0
59	0
59.01	0
59.02	0
59.03	0
59.04	0
59.05	0
59.06	0
59.07	0
59.08	0
59.09	0
59.1	0
59.11	0
59.12	0
59.13	0
59.14	0
59.15	0
59.16	0
59.17	0
59.18	0
59.19	0
59.2	0
59.21	0
59.22	0
59.23	0
59.24	0
59.25	0
59.26	0
59.27	0
59.28	0
59.29	0
59.3	0
59.31	0
59.32	0
59.33	0
59.34	0
59.35	0
59.36	0
59.37	0
59.38	0
59.39	0
59.4	0
59.41	0
59.42	0
59.43	0
59.44	0
59.45	0
59.46	0
59.47	0
59.48	0
59.49	0
59.5	0
59.51	0
59.52	0
59.53	0
59.54	0
59.55	0
59.56	0
59.57	0
59.58	0
59.59	0
59.6	0
59.61	0
59.62	0
59.63	0
59.64	0
59.65	0
59.66	0
59.67	0
59.68	0
59.69	0
59.7	0
59.71	0
59.72	0
59.73	0
59.74	0
59.75	0
59.76	0
59.77	0
59.78	0
59.79	0
59.8	0
59.81	0
59.82	0
59.83	0
59.84	0
59.85	0
59.86	0
59.87	0
59.88	0
59.89	0
59.9	0
59.91	0
59.92	0
59.93	0
59.94	0
59.95	0
59.96	0
59.97	0
59.98	0
59.99	0
60	0
60.01	0
60.02	0
60.03	0
60.04	0
60.05	0
60.06	0
60.07	0
60.08	0
60.09	0
60.1	0
60.11	0
60.12	0
60.13	0
60.14	0
60.15	0
60.16	1
